-0.0 0.0 14.0 1.00
0.9 -0.5 57.6 1.00
0.9 -0.1 56.8 1.00
1.1 -0.0 60.5 1.00
1.0 -0.1 62.8 1.00
1.1 0.0 64.3 1.00
0.6 -0.2 65.3 1.00
0.8 0.0 66.3 1.00
0.9 0.1 67.6 1.00
0.8 0.2 71.7 1.00
0.9 0.1 70.3 1.00
0.7 0.0 71.4 1.00
0.6 0.1 81.0 1.00
0.9 0.1 75.7 1.00
1.0 -0.2 78.7 1.00
0.9 -0.3 82.8 1.00
0.5 -0.8 86.9 1.00
0.5 -0.8 84.4 1.00
0.5 -0.7 98.5 1.00
0.2 -0.7 117.6 1.00
0.2 0.0 172.1 1.00
0.0 0.0 204.0 1.00
0.1 -0.3 172.3 1.00
-0.1 0.4 171.2 1.00
1.1 -0.9 45.5 1.00
1.2 -0.8 43.2 1.00
1.0 -0.8 54.8 1.00
1.2 -0.8 56.1 1.00
1.1 -0.8 57.8 1.00
1.1 -0.8 57.4 1.00
0.8 0.1 68.9 1.00
1.2 -0.8 57.1 1.00
1.3 -0.1 61.1 1.00
1.2 -0.6 61.6 1.00
1.2 -0.5 63.1 1.00
1.2 -0.7 63.9 1.00
1.2 -0.6 65.2 1.00
1.2 -0.5 65.7 1.00
1.2 -0.5 66.4 1.00
1.0 -0.7 66.5 1.00
0.7 -0.6 65.4 1.00
1.0 -1.2 65.9 1.00
1.2 -2.0 65.5 1.00
0.9 -0.9 64.6 1.00
0.6 0.6 65.2 1.00
0.7 -0.9 63.6 1.00
0.6 -0.6 64.4 1.00
0.6 -0.5 64.6 1.00
0.6 -0.2 65.5 1.00
0.6 -0.8 63.5 1.00
0.7 -0.9 62.7 1.00
0.7 -0.9 61.0 1.00
0.7 -0.9 59.6 1.00
0.9 -0.9 56.6 1.00
0.8 -0.9 55.9 1.00
0.7 -0.8 55.3 1.00
0.7 0.2 98.1 1.00
0.8 0.1 79.7 1.00
0.8 0.1 74.2 1.00
0.6 -0.1 68.5 1.00
1.0 -0.9 57.2 1.00
0.6 -0.2 66.6 1.00
0.7 -0.0 68.8 1.00
0.8 0.0 68.0 1.00
0.6 -0.3 65.7 1.00
0.6 -0.2 65.9 1.00
0.6 -0.3 65.3 1.00
0.5 -0.3 65.0 1.00
0.2 0.3 64.9 1.00
0.3 0.4 64.5 1.00
0.6 -0.7 65.7 1.00
0.5 0.9 64.0 1.00
0.7 -0.8 66.6 1.00
0.6 -0.5 65.2 1.00
0.6 -0.4 65.3 1.00
0.5 -0.1 64.9 1.00
0.3 0.2 64.7 1.00
0.2 0.2 64.9 1.00
0.3 0.1 65.3 1.00
0.5 -0.2 65.1 1.00
0.6 -0.1 65.8 1.00
0.6 -0.5 64.7 1.00
0.5 -0.6 64.2 1.00
0.6 -0.3 65.5 1.00
0.6 -0.6 63.9 1.00
0.6 -0.4 65.2 1.00
0.9 0.1 72.0 1.00
1.0 -0.0 73.4 1.00
1.0 0.1 71.2 1.00
1.0 0.0 69.1 1.00
0.9 0.1 67.3 1.00
0.9 0.1 66.7 1.00
0.6 -0.1 65.6 1.00
0.2 0.2 64.6 1.00
0.3 -0.0 64.6 1.00
0.3 0.1 65.0 1.00
0.8 0.1 65.0 1.00
1.1 -1.9 65.5 1.00
1.0 -0.9 65.4 1.00
1.4 -0.3 65.1 1.00
1.5 -0.1 65.1 1.00
1.3 -0.2 65.3 1.00
0.9 0.3 65.2 1.00
1.1 -0.7 65.7 1.00
1.1 -1.3 65.5 1.00
1.0 -1.2 65.7 1.00
0.9 -1.4 65.6 1.00
0.6 -0.5 65.2 1.00
0.3 0.4 64.8 1.00
0.8 0.3 65.0 1.00
0.4 0.2 65.1 1.00
0.5 -0.4 64.8 1.00
0.5 -0.5 64.7 1.00
0.6 -0.3 65.1 1.00
0.8 0.0 66.7 1.00
0.9 0.1 67.6 1.00
1.1 -0.3 68.5 1.00
1.1 -0.3 67.4 1.00
1.1 -0.3 66.3 1.00
1.1 -0.3 65.8 1.00
1.2 -0.2 65.2 1.00
1.6 0.2 64.7 1.00
-0.1 -0.7 65.1 1.00
0.2 -0.2 65.2 1.00
0.2 2.6 64.9 0.90
1.0 -0.4 65.1 1.00
0.8 0.3 65.1 1.00
0.4 -0.1 64.9 1.00
0.5 -0.2 64.9 1.00
0.6 0.0 64.6 1.00
0.8 -0.6 66.4 1.00
0.7 0.6 64.9 1.00
0.8 -0.8 67.0 1.00
0.6 -0.2 63.4 1.00
1.0 -0.0 61.1 1.00
1.0 -0.0 63.1 1.00
1.1 -0.0 63.8 1.00
0.8 -0.3 64.8 1.00
0.8 -0.1 64.6 1.00
0.6 -0.0 64.5 1.00
0.7 0.8 64.2 1.00
0.7 0.9 64.4 1.00
0.7 0.8 64.4 1.00
0.6 1.0 64.2 1.00
0.6 1.0 64.4 1.00
0.6 0.7 64.8 1.00
0.7 -0.7 65.3 1.00
0.7 0.3 65.0 1.00
1.2 -2.2 65.1 1.00
0.9 -1.3 64.5 1.00
0.6 0.7 65.2 1.00
0.9 -1.0 63.9 1.00
1.0 -0.9 63.8 1.00
0.9 -1.0 63.4 1.00
0.7 -0.8 63.8 1.00
0.6 -0.6 64.5 1.00
0.6 -0.7 63.9 1.00
0.9 -0.9 62.0 1.00
1.0 -0.8 62.3 1.00
1.3 -0.2 60.8 1.00
0.9 -0.4 63.7 1.00
1.1 0.0 62.8 1.00
1.4 -0.0 62.7 1.00
1.3 -0.3 63.0 1.00
0.8 0.1 65.8 1.00
1.0 -0.9 63.3 1.00
1.1 -0.6 63.5 1.00
1.3 -0.2 63.7 1.00
1.0 -0.5 64.4 1.00
0.9 -0.1 64.4 1.00
0.5 -0.3 64.8 1.00
1.1 -0.0 64.4 1.00
1.4 -0.0 64.1 1.00
1.3 -0.2 64.0 1.00
1.2 -0.4 64.5 1.00
1.3 -0.3 64.8 1.00
1.2 -0.4 64.8 1.00
1.1 -1.2 64.8 1.00
1.0 -1.2 64.3 1.00
1.0 -0.9 64.4 1.00
1.0 -1.0 64.8 1.00
1.2 -0.4 64.9 1.00
1.1 -0.6 65.1 1.00
1.1 -0.5 65.5 1.00
1.3 -0.2 65.5 1.00
1.3 -0.2 65.6 1.00
1.1 -0.3 65.3 1.00
1.1 -0.4 65.3 1.00
0.7 -0.1 65.4 1.00
0.5 -0.2 65.2 1.00
0.5 -0.2 65.2 1.00
0.4 -0.2 65.1 1.00
0.2 -0.3 65.0 1.00
1.0 -0.5 65.2 1.00
0.0 -0.6 65.0 1.00
0.4 -0.4 65.1 1.00
1.0 -0.1 65.5 1.00
1.1 -0.4 65.5 1.00
1.2 -0.1 66.4 1.00
1.0 -0.5 65.6 1.00
1.0 0.0 61.6 1.00
1.1 -0.1 62.9 1.00
1.3 -0.0 63.7 1.00
2.1 0.6 64.0 1.00
2.0 0.5 64.8 1.00
1.2 -0.1 65.4 1.00
1.0 -0.2 65.8 1.00
0.8 -0.1 65.8 1.00
0.6 -0.1 65.4 1.00
0.4 -0.1 65.2 1.00
0.5 -0.2 65.2 1.00
0.5 -0.2 65.2 1.00
0.6 -0.0 65.7 1.00
0.8 0.0 66.1 1.00
0.9 0.1 66.7 1.00
0.8 0.1 67.0 1.00
0.7 -0.1 66.3 1.00
1.0 0.0 70.9 1.00
0.9 -0.7 69.5 1.00
1.1 -0.4 68.9 1.00
1.0 -0.1 67.9 1.00
1.1 -0.0 66.7 1.00
1.1 -0.1 66.0 1.00
1.1 -0.2 65.8 1.00
1.1 -0.4 66.0 1.00
1.0 -0.6 66.4 1.00
1.0 -0.6 67.1 1.00
1.0 -0.6 67.5 1.00
1.0 -0.6 68.1 1.00
1.0 -0.5 69.6 1.00
1.1 -0.2 70.8 1.00
1.1 -0.2 70.5 1.00
1.0 -0.0 71.2 1.00
0.9 0.1 71.5 1.00
0.6 -0.3 67.0 1.00
0.8 -0.9 55.0 1.00
0.7 0.0 113.5 1.00
0.9 -0.2 87.8 1.00
0.8 -0.7 80.7 1.00
0.7 -0.3 61.4 1.00
1.2 0.0 54.4 1.00
1.1 0.0 58.4 1.00
1.2 0.0 55.1 1.00
0.6 -0.5 66.5 1.00
0.9 -0.6 75.2 1.00
0.8 -0.7 72.7 1.00
0.6 -0.8 68.8 1.00
0.6 -0.4 65.1 1.00
1.0 0.0 61.8 1.00
1.7 0.1 55.2 1.00
1.3 -0.4 58.5 1.00
1.6 -0.4 57.2 1.00
1.0 -0.8 57.0 1.00
1.0 -0.9 54.0 1.00
1.2 0.0 54.2 1.00
0.9 -0.1 60.4 1.00
0.9 -0.1 62.4 1.00
1.1 0.1 61.4 1.00
1.3 -0.1 61.0 1.00
1.7 -0.1 59.5 1.00
1.1 -0.0 61.4 1.00
0.9 -0.0 63.0 1.00
0.7 -0.3 64.3 1.00
0.5 -0.6 67.0 1.00
0.7 -0.8 68.9 1.00
0.7 -0.8 67.5 1.00
0.6 -0.8 66.4 1.00
0.5 -0.7 66.3 1.00
0.6 -0.3 64.7 1.00
1.0 -0.0 61.7 1.00
0.6 0.7 66.1 1.00
1.3 -0.2 59.5 1.00
1.2 -0.2 62.1 1.00
1.2 -0.5 62.6 1.00
1.1 -0.6 63.4 1.00
1.2 -0.5 64.2 1.00
1.2 -0.4 64.0 1.00
1.3 -0.2 64.0 1.00
1.3 -0.1 63.8 1.00
1.2 -0.1 63.8 1.00
1.0 0.0 63.7 1.00
0.8 -0.1 64.1 1.00
0.6 -0.4 64.9 1.00
0.5 -0.7 66.1 1.00
0.7 -0.8 66.6 1.00
0.6 -0.9 67.2 1.00
1.0 -0.0 63.5 1.00
1.3 0.0 63.6 1.00
1.0 -0.5 64.4 1.00
1.4 -0.1 64.1 1.00
1.6 0.1 64.3 1.00
1.0 -0.2 64.8 1.00
1.0 0.4 64.9 1.00
1.0 -0.7 64.9 1.00
0.2 -0.3 65.0 1.00
0.4 -0.1 65.0 1.00
0.5 -0.5 65.4 1.00
0.7 -0.8 66.6 1.00
0.7 -0.9 66.8 1.00
0.5 -0.4 65.2 1.00
0.3 -0.3 65.1 1.00
0.0 -0.5 65.1 1.00
-0.3 -0.8 65.1 1.00
-0.2 -0.8 65.0 1.00
1.2 -0.1 65.3 1.00
1.2 -0.1 65.4 1.00
0.8 -0.2 65.3 1.00
0.4 -0.3 65.1 1.00
0.0 -0.5 65.0 1.00
0.0 -0.4 65.0 1.00
0.1 -0.2 65.0 1.00
0.3 0.2 65.1 1.00
0.2 0.9 65.1 1.00
0.6 -0.5 65.2 1.00
0.9 -1.5 64.7 1.00
1.0 -0.5 64.9 1.00
1.4 -0.1 64.9 1.00
1.5 0.1 64.6 1.00
1.3 -0.1 64.4 1.00
1.1 -0.4 64.6 1.00
1.0 -0.5 64.9 1.00
0.9 -0.8 65.2 1.00
0.9 -0.8 65.7 1.00
0.9 -0.8 66.1 1.00
0.5 -0.5 65.3 1.00
0.4 0.2 65.0 1.00
0.3 0.4 65.1 1.00
0.5 -0.2 65.0 1.00
0.6 -0.2 65.2 1.00
0.5 -0.7 63.3 1.00
1.0 -0.5 61.8 1.00
1.1 -0.2 62.9 1.00
1.1 -0.0 63.8 1.00
1.1 -0.2 63.7 1.00
1.1 -0.2 62.7 1.00
1.1 -0.3 62.0 1.00
1.1 -0.1 60.1 1.00
0.5 -0.8 63.1 1.00
0.7 -0.6 65.7 1.00
0.5 -0.3 65.0 1.00
0.5 -0.1 65.1 1.00
0.3 -0.0 65.1 1.00
0.2 -0.2 65.0 1.00
1.0 -0.6 64.7 1.00
0.6 -0.2 64.7 1.00
0.9 -0.0 64.1 1.00
1.3 -0.1 63.4 1.00
1.1 -0.3 64.2 1.00
1.0 -0.3 64.0 1.00
1.3 -0.1 62.0 1.00
0.5 0.8 66.2 1.00
0.9 -0.1 63.6 1.00
0.6 -0.4 65.0 1.00
0.5 -0.7 66.1 1.00
0.7 -0.8 66.8 1.00
0.6 -0.8 67.3 1.00
0.7 -0.8 68.5 1.00
0.7 -0.8 70.1 1.00
0.7 -0.8 72.9 1.00
0.5 -0.7 76.0 1.00
0.5 -0.6 69.5 1.00
0.6 -0.8 81.9 1.00
1.0 -0.2 84.0 1.00
0.9 0.1 72.9 1.00
0.6 0.9 70.8 1.00
0.7 0.2 67.9 1.00
0.7 -0.6 63.3 1.00
0.6 -0.6 64.0 1.00
0.6 -0.4 65.0 1.00
0.6 -0.2 65.7 1.00
0.8 0.0 66.9 1.00
1.0 0.1 67.7 1.00
1.1 -0.2 67.7 1.00
1.1 -0.5 67.7 1.00
0.9 -0.7 67.2 1.00
0.7 -0.8 66.9 1.00
0.6 -0.8 66.4 1.00
0.5 -0.7 66.4 1.00
0.6 -0.8 67.3 1.00
0.6 -0.8 68.1 1.00
0.5 -0.7 67.7 1.00
0.6 -0.3 64.4 1.00
0.7 -0.3 64.3 1.00
0.8 -0.1 63.8 1.00
0.6 -0.3 64.5 1.00
0.5 -0.3 64.9 1.00
0.5 -0.3 65.0 1.00
0.5 -0.3 64.9 1.00
0.6 -0.2 64.5 1.00
0.8 -0.0 63.5 1.00
1.1 0.0 62.3 1.00
1.3 -0.1 62.0 1.00
1.3 -0.2 62.4 1.00
1.0 -0.4 63.7 1.00
1.2 -0.5 63.1 1.00
1.3 -0.3 63.6 1.00
1.3 -0.1 63.7 1.00
1.3 -0.3 64.3 1.00
1.2 0.0 64.3 1.00
1.4 -0.0 64.0 1.00
0.7 -0.0 64.3 1.00
0.6 -0.1 64.6 1.00
0.9 -0.1 64.5 1.00
1.3 0.0 64.5 1.00
2.1 0.5 64.7 1.00
1.0 0.3 65.0 1.00
0.5 -0.3 65.3 1.00
0.5 -0.1 65.3 1.00
0.5 -0.0 65.5 1.00
0.6 -0.0 65.5 1.00
0.6 -0.1 65.7 1.00
0.6 -0.1 65.9 1.00
0.8 0.0 66.8 1.00
0.8 0.1 67.9 1.00
0.9 0.1 69.9 1.00
0.9 0.1 71.0 1.00
0.7 -0.0 70.7 1.00
0.6 -0.5 63.8 1.00
0.7 -0.8 62.3 1.00
0.5 0.9 66.5 1.00
0.9 -0.9 61.7 1.00
0.9 -0.9 61.9 1.00
1.0 -0.9 62.2 1.00
1.0 -0.9 63.3 1.00
1.0 -0.9 63.9 1.00
1.0 -1.0 64.2 1.00
1.0 -1.2 64.5 1.00
1.2 -1.8 64.9 1.00
0.7 0.4 65.0 1.00
1.0 -1.3 65.7 1.00
1.0 -1.1 66.0 1.00
0.7 0.6 64.9 1.00
0.9 -0.7 66.0 1.00
0.5 1.0 64.2 1.00
0.5 1.0 64.4 1.00
0.6 0.8 64.7 1.00
0.8 0.2 65.0 1.00
0.1 1.0 65.1 1.00
0.3 0.4 65.2 1.00
0.5 0.9 65.5 1.00
0.5 -0.3 65.0 1.00
0.6 -0.6 64.4 1.00
0.5 -0.5 64.9 1.00
0.8 -0.1 66.8 1.00
0.9 0.0 66.6 1.00
1.0 -0.0 66.8 1.00
0.9 -0.0 66.1 1.00
0.8 -0.1 65.6 1.00
0.5 -0.2 65.2 1.00
0.0 -0.5 65.0 1.00
0.1 -0.5 65.0 1.00
0.6 -0.3 64.9 1.00
1.3 0.0 64.5 1.00
1.2 -0.2 64.5 1.00
1.2 -0.3 64.7 1.00
1.2 -0.3 65.0 1.00
1.1 -0.3 65.3 1.00
1.0 -0.6 65.6 1.00
0.9 -0.8 65.7 1.00
0.9 -0.8 66.0 1.00
1.0 -0.7 66.4 1.00
1.0 -0.5 67.0 1.00
1.1 -0.3 67.2 1.00
1.1 -0.1 66.7 1.00
1.0 -0.0 66.1 1.00
0.7 -0.0 65.6 1.00
0.5 -0.1 65.3 1.00
0.6 -0.3 65.3 1.00
0.4 -0.5 65.1 1.00
1.5 0.1 65.1 1.00
1.2 -0.2 65.0 1.00
1.1 -0.4 64.6 1.00
1.2 -0.3 64.3 1.00
1.0 -0.6 64.0 1.00
1.0 -0.7 64.1 1.00
0.9 -0.9 64.6 1.00
0.8 -0.9 64.7 1.00
0.9 -1.3 64.1 1.00
0.6 -0.7 64.5 1.00
0.4 -0.1 65.0 1.00
0.3 -0.3 65.0 1.00
1.1 -0.5 65.1 1.00
1.1 -0.4 65.2 1.00
1.0 -0.5 65.2 1.00
0.4 -0.2 65.1 1.00
0.3 0.2 65.1 1.00
0.2 0.4 64.9 1.00
0.3 -0.0 65.0 1.00
0.4 -0.2 65.0 1.00
0.5 -0.3 65.1 1.00
0.5 -0.3 65.0 1.00
0.5 -0.3 64.9 1.00
0.7 -0.2 64.4 1.00
1.5 0.3 61.2 1.00
1.1 0.0 62.5 1.00
1.0 0.0 61.9 1.00
0.8 -0.1 63.4 1.00
0.9 -0.1 63.5 1.00
0.8 -0.1 63.9 1.00
0.5 -0.3 64.9 1.00
0.7 -0.1 64.5 1.00
0.7 -0.1 64.2 1.00
0.5 -0.4 65.1 1.00
0.6 -0.7 65.9 1.00
0.8 -0.8 66.3 1.00
0.9 -0.7 66.6 1.00
1.0 -0.5 67.0 1.00
1.1 -0.4 67.2 1.00
1.1 -0.2 66.9 1.00
1.1 -0.1 66.4 1.00
1.1 -0.1 66.1 1.00
1.2 -0.1 65.8 1.00
1.1 -0.2 65.7 1.00
1.0 -0.5 65.8 1.00
1.0 -0.7 65.6 1.00
0.9 -0.9 65.7 1.00
0.7 -0.9 65.5 1.00
0.5 -0.5 65.3 1.00
0.5 -0.3 65.1 1.00
0.8 0.2 65.0 1.00
0.9 -1.3 64.9 1.00
0.9 -1.3 64.6 1.00
0.7 -1.0 64.7 1.00
0.5 -0.1 64.9 1.00
0.3 0.3 65.1 1.00
0.4 -0.1 65.1 1.00
0.5 -0.5 64.7 1.00
0.7 -0.8 64.1 1.00
0.9 -0.8 64.0 1.00
1.1 -0.5 64.0 1.00
1.1 -0.4 64.1 1.00
1.2 -0.2 64.2 1.00
1.1 -0.1 63.8 1.00
1.1 -0.1 63.5 1.00
1.2 -0.2 64.0 1.00
1.2 -0.2 64.4 1.00
1.3 -0.2 64.7 1.00
1.2 -0.3 65.0 1.00
1.1 -0.3 65.3 1.00
1.1 -0.4 65.7 1.00
1.1 -0.3 66.2 1.00
1.1 -0.4 66.6 1.00
1.1 -0.4 67.1 1.00
1.1 -0.4 68.2 1.00
1.0 -0.5 69.2 1.00
1.0 -0.5 69.9 1.00
1.0 -0.6 70.1 1.00
1.0 -0.5 72.4 1.00
1.0 -0.0 75.7 1.00
1.0 -0.0 77.3 1.00
0.7 0.1 81.0 1.00
0.6 -0.1 72.9 1.00
0.2 -0.7 116.0 1.00
1.9 0.0 37.1 1.00
1.4 -0.2 53.9 1.00
1.7 -0.3 52.3 1.00
1.1 0.1 61.4 1.00
0.7 0.2 67.5 1.00
1.2 -0.5 59.9 1.00
1.3 -0.2 60.3 1.00
1.2 0.0 61.4 1.00
0.9 -0.0 62.7 1.00
0.8 -0.2 63.0 1.00
0.7 -0.2 63.3 1.00
0.6 -0.4 65.0 1.00
0.5 -0.7 69.5 1.00
0.7 -0.7 79.2 1.00
1.0 -0.3 81.7 1.00
1.0 -0.2 75.4 1.00
1.1 -0.1 73.7 1.00
1.0 0.0 71.0 1.00
0.8 0.0 68.2 1.00
0.6 -0.2 66.2 1.00
0.7 -0.1 66.3 1.00
0.8 0.1 67.8 1.00
1.1 -0.0 69.3 1.00
1.0 -0.4 70.1 1.00
0.9 -0.7 69.3 1.00
0.6 -0.8 68.1 1.00
0.6 -0.5 65.6 1.00
0.9 -0.1 62.9 1.00
1.1 0.1 61.8 1.00
1.2 0.0 61.5 1.00
1.3 -0.2 62.0 1.00
1.4 -0.1 62.5 1.00
1.5 0.0 62.3 1.00
0.9 -0.1 63.4 1.00
0.7 -0.2 64.1 1.00
0.6 -0.3 64.6 1.00
0.6 -0.4 65.2 1.00
0.6 -0.4 65.1 1.00
0.6 -0.5 66.0 1.00
0.5 -0.5 66.7 1.00
0.6 -0.4 65.4 1.00
0.3 -0.7 103.6 1.00
0.8 0.1 94.9 1.00
0.8 0.1 78.8 1.00
1.0 -0.5 77.0 1.00
1.0 -0.4 75.3 1.00
0.6 -0.6 95.5 1.00
0.8 0.0 64.1 1.00
0.6 -0.0 64.5 1.00
0.5 -0.1 64.7 1.00
0.4 0.1 64.7 1.00
0.3 -0.0 64.8 1.00
0.2 -0.2 65.0 1.00
0.2 -0.2 65.1 1.00
0.4 -0.1 65.2 1.00
0.6 -0.1 65.5 1.00
0.9 0.0 66.0 1.00
1.0 0.0 66.7 1.00
1.0 -0.0 67.4 1.00
1.0 -0.0 68.5 1.00
1.1 -0.2 69.7 1.00
1.0 -0.5 68.7 1.00
1.0 -0.5 67.5 1.00
1.0 -0.6 67.2 1.00
1.1 -0.5 66.5 1.00
1.0 -0.6 66.0 1.00
1.1 -0.5 65.6 1.00
1.0 -0.5 65.3 1.00
1.0 -0.5 64.9 1.00
1.1 -0.4 64.6 1.00
1.0 -0.6 64.4 1.00
1.0 -0.8 64.4 1.00
0.9 -1.1 64.7 1.00
0.9 -1.3 65.0 1.00
0.9 -1.3 65.4 1.00
0.9 -0.9 65.6 1.00
0.9 -0.8 65.9 1.00
0.9 -0.8 66.4 1.00
0.8 -0.8 66.7 1.00
0.7 -0.8 66.7 1.00
0.5 -0.7 66.0 1.00
0.5 -0.7 65.8 1.00
0.5 -0.6 65.6 1.00
0.6 -0.7 65.5 1.00
0.6 -0.7 65.3 1.00
0.8 -1.4 65.3 1.00
1.2 -2.8 64.9 1.00
0.9 -1.3 64.5 1.00
0.8 -1.0 64.4 1.00
0.7 -0.8 64.6 1.00
0.4 -0.1 64.9 1.00
0.2 0.7 65.2 1.00
0.2 0.7 64.9 1.00
0.4 -0.1 65.0 1.00
0.5 -0.4 65.3 1.00
0.5 -0.4 65.2 1.00
0.5 -0.3 65.0 1.00
0.4 -0.2 65.0 1.00
0.3 -0.0 65.0 1.00
0.2 0.3 65.0 1.00
0.9 -0.8 65.0 1.00
0.6 0.8 65.1 1.00
1.0 -0.6 65.1 1.00
0.3 -0.3 65.0 1.00
0.3 -0.3 65.1 1.00
0.3 -0.3 65.0 1.00
0.2 -0.0 65.0 1.00
0.2 0.2 65.2 1.00
0.3 0.5 64.9 1.00
0.4 -0.1 65.0 1.00
0.4 -0.3 65.1 1.00
0.5 -0.3 65.0 1.00
0.5 -0.3 64.8 1.00
0.6 -0.2 64.6 1.00
0.6 -0.3 64.5 1.00
0.6 -0.3 64.6 1.00
0.6 -0.4 65.3 1.00
0.5 -0.6 67.2 1.00
0.7 -0.8 68.5 1.00
0.8 -0.8 68.3 1.00
0.7 -0.8 67.4 1.00
0.7 -0.8 66.7 1.00
0.7 -0.8 66.5 1.00
0.6 -0.7 65.8 1.00
0.6 -0.6 65.6 1.00
0.5 -0.4 65.2 1.00
0.7 -0.8 65.3 1.00
0.9 -1.0 65.6 1.00
0.9 -1.0 65.6 1.00
1.0 -0.9 65.3 1.00
1.0 -0.7 65.1 1.00
1.1 -0.5 64.9 1.00
1.2 -0.3 64.6 1.00
1.1 -0.5 64.7 1.00
1.0 -0.7 64.9 1.00
1.0 -1.2 64.9 1.00
1.0 -1.3 64.8 1.00
0.9 -1.5 64.7 1.00
0.7 -0.8 64.7 1.00
0.5 -0.2 64.9 1.00
0.4 -0.1 64.9 1.00
0.4 -0.1 65.0 1.00
1.1 -0.5 65.3 1.00
0.3 -0.3 65.0 1.00
0.4 -0.2 65.1 1.00
0.4 -0.2 65.0 1.00
0.4 -0.2 65.0 1.00
0.4 -0.1 65.0 1.00
0.3 0.7 65.1 1.00
0.9 -1.0 64.9 1.00
0.3 0.2 65.0 1.00
0.3 -0.1 65.0 1.00
0.4 -0.2 64.9 1.00
0.5 -0.3 64.9 1.00
1.0 0.0 63.8 1.00
1.1 0.0 63.5 1.00
1.1 0.0 63.1 1.00
1.0 0.0 63.0 1.00
1.1 -0.2 63.8 1.00
1.1 -0.3 63.8 1.00
0.5 -0.5 65.4 1.00
0.5 -0.7 66.8 1.00
0.8 -0.8 68.8 1.00
0.9 -0.7 69.0 1.00
1.1 -0.4 71.3 1.00
1.0 -0.1 71.2 1.00
0.8 0.1 68.2 1.00
0.6 -0.3 65.6 1.00
0.6 -0.3 65.2 1.00
0.6 -0.3 65.1 1.00
0.5 -0.4 64.8 1.00
0.6 -0.6 64.6 1.00
1.1 -0.7 64.4 1.00
0.5 -0.3 64.9 1.00
0.4 0.2 65.1 1.00
1.1 -0.6 64.9 1.00
0.4 0.3 64.8 1.00
0.4 -0.1 64.9 1.00
0.5 -0.1 65.0 1.00
0.6 -0.4 65.2 1.00
0.5 -0.2 64.7 1.00
0.6 -0.1 64.5 1.00
0.6 -0.1 64.5 1.00
0.5 -0.1 64.7 1.00
0.4 -0.2 64.8 1.00
0.3 -0.4 64.9 1.00
-0.3 -0.9 65.0 1.00
0.9 -0.2 65.1 1.00
1.2 -0.1 65.4 1.00
1.2 -0.2 66.0 1.00
1.1 -0.4 66.1 1.00
1.0 -0.6 66.5 1.00
0.9 -0.7 66.8 1.00
0.9 -0.8 66.9 1.00
0.8 -0.8 67.5 1.00
0.7 -0.8 68.5 1.00
0.8 -0.8 69.8 1.00
0.9 -0.7 69.7 1.00
1.1 -0.4 70.9 1.00
1.1 -0.2 70.9 1.00
1.1 -0.2 70.0 1.00
1.1 -0.2 68.8 1.00
1.1 -0.2 67.6 1.00
1.1 -0.3 67.0 1.00
1.1 -0.4 66.5 1.00
1.1 -0.4 66.2 1.00
1.0 -0.6 65.8 1.00
1.0 -0.7 65.6 1.00
1.0 -0.6 65.6 1.00
1.0 -0.8 65.3 1.00
0.9 -1.0 65.0 1.00
1.0 -1.6 64.9 1.00
1.0 -2.1 65.0 1.00
0.8 0.0 65.0 1.00
0.2 0.8 64.9 1.00
0.3 0.2 65.0 1.00
0.2 -0.1 65.0 1.00
0.2 -0.3 65.0 1.00
0.5 -0.3 64.9 1.00
0.9 -0.1 64.4 1.00
1.2 -0.3 64.2 1.00
1.3 -0.0 63.7 1.00
1.3 -0.0 63.8 1.00
0.9 -0.1 64.4 1.00
1.3 -0.3 64.4 1.00
0.4 -0.3 64.9 1.00
0.4 -0.2 65.0 1.00
0.3 -0.1 65.0 1.00
0.3 0.2 64.9 1.00
0.5 -0.3 65.1 1.00
0.8 -0.9 65.4 1.00
0.9 -0.9 65.6 1.00
1.0 -0.8 65.7 1.00
1.0 -0.6 65.7 1.00
1.1 -0.4 65.6 1.00
1.1 -0.2 65.7 1.00
1.0 -0.1 65.7 1.00
0.8 -0.1 65.6 1.00
0.7 -0.0 65.6 1.00
0.6 -0.0 65.7 1.00
0.5 -0.1 65.4 1.00
0.5 -0.4 64.8 1.00
0.6 -0.6 64.6 1.00
1.1 -0.8 64.3 1.00
1.1 -1.1 63.9 1.00
0.6 0.6 65.1 1.00
1.1 -0.6 64.6 1.00
