0.0 0.0 14.0
6.2 -2.5 18.4
3.8 -0.8 27.6
-0.9 -0.7 42.0
7.7 1.1 47.4
8.6 2.0 56.9
7.7 2.6 68.8
8.3 5.2 77.3
8.8 4.4 88.2
10.9 4.0 96.8
0.9 2.0 109.1
2.7 4.0 116.9
3.7 2.5 125.9
4.7 2.6 135.7
5.3 -1.4 144.2
4.7 -1.6 152.7
-0.0 -1.7 166.2
1.6 -3.8 170.2
-0.3 -2.6 178.5
0.1 -0.5 187.9
0.4 0.1 197.4
0.0 0.0 204.0
0.3 -0.1 195.5
-0.7 0.7 186.2
-4.5 -0.5 178.4
-6.5 2.8 169.4
-10.1 5.5 160.2
-6.9 6.6 151.4
-11.8 6.0 141.1
-10.8 5.0 132.4
-8.2 4.3 124.3
-7.7 3.6 113.6
-9.8 3.1 104.5
-13.3 -0.1 95.3
-14.5 5.1 85.5
-11.8 4.9 75.3
-13.2 4.9 62.3
-18.2 5.9 54.8
-18.3 6.1 44.6
-21.0 -2.0 36.3
-17.6 7.2 45.2
-13.3 11.8 52.8
-9.0 16.5 60.3
-7.4 14.0 70.9
-5.8 14.6 80.5
-5.1 11.3 90.0
5.6 15.5 98.5
7.1 18.1 106.1
4.5 19.4 115.3
2.4 20.8 124.9
0.6 18.9 132.7
-0.7 13.9 141.0
-0.5 10.7 149.2
-3.6 9.2 158.2
2.1 8.7 167.9
2.6 7.4 176.9
2.4 1.8 178.1
4.9 3.9 168.0
3.6 4.9 162.2
8.2 7.7 151.3
8.3 11.2 142.6
9.7 10.4 132.0
6.3 6.7 123.4
7.0 8.2 116.0
5.9 8.8 104.4
8.0 9.5 94.4
6.9 10.2 84.7
2.8 10.8 75.7
3.5 10.5 65.3
3.5 13.0 55.5
-1.4 12.3 44.9
-1.2 13.7 34.4
2.0 14.9 23.5
8.5 18.5 23.8
9.2 19.7 33.0
8.8 21.6 44.8
11.6 20.7 54.3
12.1 18.5 64.1
13.3 17.4 74.6
8.0 15.9 82.6
7.5 12.3 93.3
3.1 1.2 102.2
4.5 9.6 111.3
4.3 13.4 120.5
4.1 17.1 129.7
6.2 11.1 131.4
8.8 4.3 131.3
10.0 2.2 123.8
9.2 3.2 113.5
8.6 3.5 106.1
8.7 6.0 96.0
11.1 5.6 86.7
13.3 8.4 76.7
7.5 0.9 67.9
16.5 14.2 62.5
11.7 20.7 60.1
5.7 24.0 64.1
-5.9 15.5 61.5
-16.8 6.9 61.2
-20.1 5.8 64.1
-32.2 3.2 63.5
-36.9 10.0 57.6
-33.7 6.6 51.8
-22.1 8.4 53.5
-21.5 15.9 50.9
-14.9 23.3 51.0
-8.4 30.8 51.1
-9.8 29.6 49.2
0.3 27.9 53.9
-1.5 26.7 65.2
3.7 28.1 76.9
2.3 23.3 85.6
7.0 20.5 92.7
10.7 16.1 100.1
11.8 10.4 106.2
17.9 10.2 114.1
12.6 -3.9 106.6
14.6 -4.5 97.1
17.9 -2.1 85.2
20.5 -0.8 78.0
21.0 -2.9 68.3
22.6 -5.7 61.1
26.3 11.8 63.8
26.2 18.8 71.2
25.8 25.0 64.3
16.3 27.5 63.6
3.9 29.8 56.8
4.9 26.7 47.8
8.6 21.9 43.9
5.6 14.9 43.7
-3.8 11.2 38.9
-6.9 15.4 31.5
-0.5 12.5 30.6
1.1 -1.9 25.8
7.5 1.9 34.3
23.3 5.7 36.1
25.5 5.8 42.8
28.3 5.9 51.7
19.2 7.9 54.4
19.6 13.3 45.6
21.6 18.8 42.3
27.5 28.0 42.5
30.2 31.6 38.3
21.7 32.2 30.2
17.9 34.1 36.3
4.4 31.4 40.6
0.3 30.4 50.6
-9.3 26.5 57.8
-3.3 22.4 63.1
-6.7 16.6 73.6
-5.5 16.7 82.4
-11.2 18.3 90.4
-16.2 19.5 94.6
-9.1 18.4 99.9
1.8 18.3 100.5
9.7 22.0 107.1
1.4 15.9 115.2
-6.4 7.0 118.0
-12.1 4.2 120.0
-17.9 1.4 122.1
-18.0 6.8 116.1
-21.6 6.0 109.8
-25.3 5.2 103.4
-26.1 2.0 109.0
-22.2 -0.9 104.8
-22.8 4.1 98.5
-23.3 9.1 92.2
-24.8 2.4 94.0
-28.9 -6.3 91.3
-31.1 -12.2 87.1
-44.9 -13.8 85.6
-40.5 -3.9 86.7
-37.2 -0.5 87.4
-33.8 2.8 88.1
-32.9 11.0 76.6
-42.8 14.8 75.7
-28.6 14.8 72.4
-19.5 15.8 75.0
-21.2 5.3 77.6
-25.0 9.3 74.0
-41.5 14.4 72.2
-45.7 8.9 65.5
-43.7 11.2 57.2
-41.8 13.5 48.8
-50.3 7.6 42.0
-48.6 6.3 38.7
-46.9 5.1 35.4
-40.0 -6.5 38.2
-39.7 -16.2 40.2
-39.3 -25.9 42.1
-49.5 -35.1 41.0
-41.0 -34.2 45.6
-42.7 -19.5 50.2
-44.4 -4.9 54.7
-41.5 -9.3 54.7
-40.7 -10.1 49.8
-39.9 -10.9 45.0
-32.0 -9.5 36.0
-29.4 -2.5 34.1
-26.8 4.4 32.2
10.3 3.6 27.5
21.8 4.2 36.3
21.7 -2.8 42.8
26.3 -2.8 52.7
27.1 -4.7 63.2
25.8 -3.8 72.4
24.3 -5.8 81.2
20.7 7.4 88.6
26.7 14.4 81.8
26.8 22.3 82.9
16.3 22.2 89.8
17.9 24.1 96.0
22.8 22.1 104.1
25.9 16.0 104.4
22.9 12.6 109.4
14.5 12.4 119.9
16.2 13.7 122.1
9.8 3.9 124.7
11.2 -0.3 117.1
12.7 -3.9 109.5
14.2 -3.0 100.8
21.8 4.9 97.1
28.2 5.8 89.4
32.7 -7.0 87.7
27.4 -9.0 88.2
24.5 -8.9 95.8
21.3 -7.9 105.6
21.6 -8.2 114.0
19.6 -7.5 119.2
15.3 -5.5 127.6
14.2 -2.2 137.6
15.5 -3.7 144.9
13.3 3.5 154.7
11.3 7.5 161.0
5.2 7.7 165.8
-0.7 7.9 172.5
-1.1 -0.1 184.3
4.4 -1.2 175.2
5.9 -3.0 174.3
-1.3 -0.9 175.6
-15.2 -4.8 176.1
-16.3 -8.2 168.5
-6.6 -3.7 160.9
-1.7 -4.5 157.8
9.2 -3.5 155.2
5.3 -7.6 147.8
-4.1 -13.9 146.3
-10.3 -14.1 142.9
-17.9 -11.7 144.5
-13.3 5.4 147.9
-17.1 0.6 146.0
-18.3 -1.7 150.3
-13.3 6.2 157.1
-9.0 4.7 158.8
-10.2 -4.2 160.6
-10.1 -8.7 157.9
-8.2 -1.7 150.8
-22.5 -11.0 143.5
-24.9 -3.7 140.4
-21.1 3.3 133.4
-18.4 -6.7 131.5
-10.5 -5.2 131.0
-6.7 -7.7 130.2
-2.9 -10.2 129.3
3.0 -12.5 126.2
9.9 -15.2 114.1
2.2 -15.7 109.0
-6.4 -14.3 104.2
-15.1 -12.9 99.3
-11.0 -2.0 111.0
-12.3 0.1 117.2
-13.6 2.1 123.3
-23.0 4.9 122.5
-27.4 10.4 117.0
-35.8 14.7 112.8
-40.3 14.8 106.9
-44.9 15.0 101.1
-49.9 4.0 100.6
-44.8 5.6 100.2
-29.2 -3.0 98.1
-26.3 -12.2 99.9
-17.0 -13.8 100.3
-7.9 -13.2 96.6
-2.7 -13.0 88.6
4.5 -8.4 80.0
5.7 -3.9 77.4
-9.1 -5.0 80.8
-23.9 -6.2 84.2
-24.9 5.6 91.7
-35.7 5.2 88.0
-42.3 -4.8 80.6
-41.0 -9.6 73.7
-30.2 0.0 69.9
-25.3 -9.4 69.2
-18.4 -14.4 71.8
-16.0 -11.4 76.5
-10.0 -9.1 78.0
-4.0 -6.8 79.6
5.6 -5.3 77.9
-3.5 -8.3 71.1
-12.6 -11.1 70.3
-20.8 -12.8 66.6
-32.7 -4.0 63.9
-41.7 2.4 61.5
-39.3 -0.6 53.6
-49.2 -10.2 47.3
-43.6 -14.9 47.7
-43.0 -19.3 55.5
-42.5 -23.6 63.2
-29.8 -24.3 64.8
-16.8 -21.7 63.9
-7.1 -21.3 56.7
-4.9 -20.3 66.5
0.9 -11.6 69.4
9.9 -9.0 66.2
18.9 -6.4 63.0
27.4 -2.4 61.3
34.3 -4.6 55.9
39.5 -3.3 47.9
33.9 -10.9 52.4
31.3 -1.0 62.5
25.1 2.7 70.2
20.4 3.2 79.7
11.1 -6.9 79.4
5.0 -10.8 74.6
-1.0 -14.6 69.9
-7.0 -19.9 60.1
-10.9 -16.4 51.8
-8.6 -13.1 41.6
-2.7 -8.0 40.0
9.1 -3.3 37.6
20.0 2.0 35.5
23.0 5.6 41.5
23.2 -1.0 42.7
18.7 -0.7 31.6
13.0 -4.0 29.3
24.0 4.3 40.1
18.0 -0.1 42.5
8.2 -7.1 44.0
-3.6 -15.5 45.2
-15.3 -20.4 52.0
-18.2 -13.5 59.9
-20.2 -12.2 67.4
-22.2 -10.8 74.9
-23.6 -11.8 83.5
-25.0 -12.8 92.1
-18.8 -1.1 98.8
-24.6 5.7 110.6
-24.9 5.2 120.0
-20.9 7.1 120.8
-13.9 -0.1 115.6
-6.9 -7.3 110.3
3.2 -8.4 110.1
13.3 -9.5 109.9
6.7 -15.0 117.9
3.2 -15.9 126.5
-0.2 -16.8 135.0
0.6 -12.7 141.8
0.5 -8.9 150.7
2.1 -3.3 156.8
1.2 -2.6 168.4
0.2 -5.1 176.1
5.3 -1.6 174.9
9.7 6.8 170.0
10.0 12.8 164.0
7.1 14.4 158.3
4.8 15.8 149.7
8.0 17.7 141.0
8.9 19.1 133.3
14.4 19.3 125.3
15.7 14.2 120.9
20.8 9.0 118.4
22.5 -3.9 118.3
20.4 0.8 117.0
19.6 7.6 111.7
8.2 -7.0 113.0
1.5 -13.9 117.2
-5.1 -20.9 121.4
-3.1 -18.1 130.0
-2.2 -16.1 138.9
-5.9 -15.7 147.6
-19.1 -17.1 146.9
-11.9 -16.7 135.3
-21.8 -18.0 127.7
-12.4 -19.1 117.4
-14.8 -22.9 105.2
-18.4 -30.1 105.8
-11.5 -17.8 113.7
-17.5 -18.1 121.0
-21.2 -14.7 125.4
-24.9 -11.4 129.7
-25.8 -2.4 127.1
-31.6 3.6 127.5
-28.3 -0.1 119.7
-37.0 0.4 113.1
-45.6 0.8 106.4
-45.2 4.1 101.7
-35.4 -1.5 93.3
-29.7 -2.1 90.3
-24.0 -2.8 87.3
28.2 18.9 33.0
35.2 18.8 41.8
37.3 12.3 47.1
38.7 5.6 50.9
36.4 8.3 58.2
33.2 10.8 67.7
30.1 13.3 77.2
31.1 18.2 83.9
26.2 20.7 90.9
21.1 22.3 98.5
20.0 19.6 105.3
21.7 17.2 115.7
17.7 15.2 123.8
15.1 11.6 133.2
13.7 7.5 139.9
11.2 6.8 154.2
8.3 10.1 154.1
5.4 13.4 153.9
2.2 17.0 147.7
-4.7 16.7 140.6
-9.5 16.2 131.8
-9.7 14.9 122.7
-11.0 14.5 114.5
-11.7 17.7 103.2
-16.1 22.1 95.7
-17.7 23.7 87.2
-18.1 24.2 78.1
-20.2 25.4 68.6
-20.1 27.2 58.6
-16.2 27.4 48.0
-13.2 24.2 38.6
-7.6 22.2 31.0
0.9 24.9 25.4
10.3 30.2 30.1
14.6 32.6 37.8
14.6 32.1 47.1
11.2 32.8 57.5
8.4 30.3 68.7
9.5 29.2 78.4
9.9 27.3 87.9
11.2 25.5 96.5
11.8 24.4 103.7
11.3 20.5 110.7
14.3 13.8 119.2
24.3 12.8 110.9
26.5 8.4 107.8
26.7 10.7 97.0
28.7 11.8 87.2
31.4 15.1 78.5
31.8 18.0 67.6
31.9 16.6 60.0
35.5 3.1 54.7
38.1 -0.1 51.3
40.8 -3.4 47.9
38.6 -12.0 54.1
31.5 -9.7 64.4
26.6 -8.3 71.6
25.2 -8.8 78.0
21.8 9.8 81.8
23.0 11.5 89.6
23.4 6.3 98.6
24.4 -8.6 106.4
23.8 -1.1 106.1
23.1 3.6 102.0
26.5 9.9 95.5
29.2 16.5 91.7
35.9 19.8 85.4
33.1 13.6 79.2
33.1 9.3 71.6
35.0 -6.6 67.5
33.3 -10.2 65.2
35.8 -11.4 52.9
34.0 -10.6 43.9
32.0 -11.3 37.9
26.3 -1.3 46.9
17.3 -8.8 53.0
16.9 -0.4 52.2
8.4 -11.8 48.7
-0.3 -17.3 50.1
-14.0 -10.1 52.7
-25.5 -4.4 52.2
-16.7 3.7 53.7
-14.1 -2.1 52.3
-12.3 -10.2 52.7
-10.4 -18.2 53.0
-9.1 -28.5 55.1
-10.3 -32.1 69.2
-15.4 -30.6 76.0
-17.6 -31.6 84.2
-16.6 -30.5 94.2
-19.8 -31.0 102.8
-20.1 -20.0 110.5
-22.0 -15.6 117.6
-23.9 -11.2 124.6
-22.9 -11.7 132.3
-22.0 -12.2 140.1
-21.7 -17.5 134.9
-13.1 -14.6 124.2
-4.5 -11.7 113.5
-2.9 -12.8 105.7
-1.4 -13.9 97.8
-13.5 -18.9 90.9
-8.3 -18.5 91.6
2.5 -4.1 92.7
9.7 -2.3 97.6
16.9 -0.5 102.6
22.7 3.8 107.1
24.9 -8.2 112.7
29.6 -6.7 112.7
32.2 5.2 105.5
32.7 4.1 100.3
33.9 -8.4 87.7
29.6 -3.7 82.1
28.6 -9.7 84.3
27.7 2.6 85.2
22.5 9.7 84.9
20.2 -0.6 83.5
16.9 0.1 78.1
13.6 0.7 72.7
17.9 5.7 67.0
15.9 -1.3 62.6
11.6 -10.8 59.3
7.2 -20.3 56.0
0.7 -32.2 53.8
0.2 -26.5 52.3
-0.4 -20.7 50.9
2.1 -20.2 46.8
10.4 -5.8 45.4
18.5 -7.5 43.9
26.6 -9.2 42.4
33.0 -10.5 41.1
31.3 -2.4 45.8
23.8 -4.8 40.2
24.8 -4.4 34.5
33.3 -3.1 39.8
40.3 -2.7 46.8
43.6 -2.6 54.8
37.5 -11.7 66.1
34.2 -10.7 73.5
31.1 -9.9 84.5
28.0 -8.6 93.5
27.3 -8.8 102.6
25.1 -8.0 111.5
20.1 -6.8 121.2
16.2 1.5 129.8
16.8 -6.1 138.5
18.2 -6.6 147.9
13.6 -4.9 155.9
11.1 2.1 162.9
8.9 2.2 170.3
1.9 3.4 176.5
3.9 5.0 181.5
-1.3 -1.5 183.4
-7.3 3.3 177.8
-13.0 2.6 170.9
-14.4 0.2 164.5
-10.3 8.6 157.1
-12.1 12.4 148.7
-20.3 7.8 146.0
-22.5 3.2 144.0
-16.1 1.5 140.0
-11.1 -2.0 140.6
-7.4 -2.5 147.9
-3.8 -3.1 155.3
-0.3 -3.3 163.1
-4.6 -10.7 171.5
0.8 -6.2 177.5
7.2 -1.4 174.2
9.6 -2.9 162.8
14.3 2.5 154.7
15.1 4.2 147.0
14.7 12.1 141.8
12.5 17.1 139.5
15.5 17.3 132.4
17.5 12.1 130.4
17.6 4.1 132.9
16.0 0.1 133.6
7.5 -8.0 135.3
-1.6 -11.6 137.3
-10.7 -15.2 139.3
-18.4 -15.2 141.0
-17.4 -9.9 134.9
-23.0 -3.0 131.9
-37.4 -2.9 125.0
-44.8 -4.7 119.9
-35.1 -10.9 122.7
-20.5 -7.6 126.9
-19.7 -15.2 133.3
-9.7 -10.2 140.5
-8.1 -11.4 147.1
-6.5 -12.6 153.7
0.7 -3.5 163.5
-7.5 -11.0 173.0
-0.6 -1.7 180.3
-1.6 -2.0 187.9
1.2 1.1 185.4
6.7 4.7 178.7
10.1 -3.3 174.7
11.1 -3.1 165.7
2.5 -1.0 159.7
32.0 18.4 26.3
37.3 24.2 33.0
38.2 28.8 38.4
27.0 28.3 42.9
26.6 26.5 53.6
31.7 24.9 61.8
29.1 21.8 72.7
29.8 22.8 82.0
30.4 18.7 90.6
28.3 13.8 100.2
29.6 10.3 109.3
22.7 6.6 116.4
18.2 5.3 124.7
15.9 -3.0 131.4
19.2 -6.7 126.9
24.3 -9.0 117.8
23.4 -9.3 110.3
26.4 -9.1 99.6
29.2 -9.9 90.4
32.1 -10.8 81.3
33.3 -11.2 72.5
37.0 -12.3 63.1
34.2 -11.0 53.3
34.2 6.3 44.8
31.6 12.0 45.7
31.6 18.5 53.9
32.1 18.2 63.6
26.5 17.0 72.9
26.3 17.0 84.6
26.0 15.9 93.4
19.4 5.5 100.5
15.6 -0.6 106.5
11.8 -6.7 112.5
2.8 -18.0 110.6
-0.6 -24.4 104.6
-4.0 -30.7 98.6
3.3 -17.4 89.9
10.1 -4.5 81.3
16.8 8.1 72.6
23.4 20.7 64.0
23.6 21.0 52.9
17.0 7.4 53.5
10.1 -6.2 54.7
3.1 -20.0 56.2
-3.9 -33.7 57.8
-6.8 -34.4 69.7
-7.9 -35.7 79.5
-6.5 -34.3 90.3
-3.4 -20.8 92.5
-10.7 -23.2 88.8
-14.0 -25.5 82.3
-19.4 -16.4 76.1
-18.5 -18.0 68.6
-24.4 -10.0 64.2
-31.5 -4.3 59.8
-38.6 1.5 55.4
-35.6 -15.3 49.7
-30.0 -23.7 49.7
-36.6 -11.1 53.1
-28.9 -15.1 59.3
-21.3 -19.1 65.4
-17.7 -25.6 72.9
-16.1 -25.4 81.5
-2.1 -21.6 85.5
0.5 -16.7 94.3
-0.5 -12.4 104.4
-1.5 -8.2 114.5
-5.9 -4.5 125.9
-9.9 -18.4 128.9
-12.7 -19.0 141.3
-5.3 -15.2 147.6
-1.6 -18.2 144.6
4.3 -17.8 135.9
11.3 -13.7 127.2
3.5 -20.4 119.2
10.7 -20.4 107.1
17.6 -21.1 96.7
24.6 -21.7 86.2
22.7 -13.1 85.2
24.3 -3.3 84.3
25.9 6.5 83.5
30.9 17.6 82.9
33.6 13.2 74.8
36.2 0.2 67.7
38.6 -6.2 60.3
39.9 -9.8 57.3
37.4 -1.5 58.8
34.9 7.0 59.3
32.4 15.5 59.8
26.4 3.7 57.6
24.1 -3.5 54.9
10.8 -8.4 53.4
-3.2 -8.5 52.3
-17.2 -8.5 51.3
-24.9 -13.5 50.4
-32.5 -18.5 49.6
-30.0 -27.7 45.2
-25.7 -22.5 39.7
-26.3 -17.2 41.2
-26.9 -11.9 42.8
-21.7 -6.9 52.8
-20.0 -11.4 59.3
-18.3 -15.8 65.8
-17.0 -21.8 71.7
-15.8 -27.8 77.6
-25.0 -23.4 80.9
-19.4 -14.7 85.6
-24.0 -12.9 95.3
-28.6 -11.2 105.0
-27.4 -3.5 97.3
-24.6 2.8 103.0
-20.9 -1.9 110.4
-17.1 -6.7 117.8
-10.1 -13.5 122.7
-3.0 -20.3 127.6
5.9 -7.5 130.4
9.7 -5.8 134.9
13.4 -4.2 139.4
11.6 2.4 142.9
15.0 11.6 140.6
13.2 18.7 136.6
11.8 20.5 128.3
10.3 20.8 121.4
8.3 23.3 110.3
7.1 24.4 101.9
5.8 27.8 92.2
-0.0 26.7 84.4
0.4 26.7 73.9
-3.8 26.5 63.6
1.8 28.0 53.8
7.6 31.1 46.7
9.1 33.9 35.9
15.3 34.4 25.8
21.3 31.5 21.4
30.7 30.0 22.5
35.4 27.6 29.6
38.9 28.0 39.7
32.0 21.5 47.5
35.4 17.5 55.7
34.3 10.0 60.8
33.3 6.2 69.7
32.0 -7.6 76.3
27.4 -8.0 86.9
28.6 -9.4 92.5
25.4 -0.3 99.9
23.0 5.0 107.7
14.9 -6.8 115.3
10.3 -11.1 124.0
5.7 -15.5 132.7
5.0 -12.7 142.1
11.9 1.5 152.6
16.3 -5.8 151.4
14.7 -3.8 146.4
13.1 0.3 138.3
17.8 -4.7 128.7
25.5 -4.9 120.5
26.6 -3.1 111.7
29.0 -9.5 102.8
28.7 -9.6 95.0
29.6 4.8 85.5
30.1 11.6 83.0
36.0 10.1 84.2
38.5 11.7 74.7
32.8 5.8 70.0
29.3 -2.0 68.0
25.8 -9.9 66.1
14.9 -18.5 67.2
1.5 -13.9 68.4
-10.0 -16.0 70.8
-25.8 -18.7 75.9
-41.6 -21.4 80.9
-43.1 -14.2 87.1
-41.9 -10.2 92.0
-30.0 -7.0 92.9
-25.9 -2.4 92.5
-21.7 2.3 92.0
-25.8 -4.3 90.8
-29.8 -10.8 89.5
-35.3 -4.1 84.6
-27.1 -19.7 82.3
-19.5 -28.7 80.3
-7.4 -16.1 81.4
4.7 -3.3 82.8
16.8 9.7 84.2
28.9 22.7 85.7
31.8 14.4 85.9
30.6 6.7 84.3
31.9 -10.3 81.3
30.7 -5.8 82.3
34.6 7.8 86.5
29.7 11.6 87.6
29.9 19.0 93.2
28.9 23.2 100.7
23.3 27.2 102.6
14.7 26.5 102.8
4.5 27.4 101.7
-9.0 26.7 98.6
-25.8 25.8 94.9
-44.1 24.7 91.0
-62.5 23.6 87.0
