55 -238 65
14 204
0 21
0 493 428 1.000000
1 503 422 0.850000
2 502 399 0.850000
3 506 378 0.850000
4 510 355 0.700000
5 545 343 0.348263
6 509 312 0.700000
7 510 291 0.850000
8 509 269 0.850000
9 501 250 0.850000
10 502 237 0.724065
11 499 209 0.850000
12 500 189 0.750000
13 502 167 0.850000
14 502 147 0.850000
15 494 133 0.773304
16 488 106 0.850000
17 488 85 0.850000
18 486 71 0.850000
19 484 54 0.850000
20 488 35 0.850000
21 487 22 1.000000
22 487 39 0.850000
23 487 60 0.850000
24 481 81 0.850000
25 479 102 0.850000
26 477 123 0.850000
27 466 146 0.518582
28 476 162 0.850000
29 475 181 0.850000
30 484 205 0.566670
31 479 216 0.850000
32 478 241 0.522465
33 466 257 0.850000
34 464 277 0.850000
35 473 296 0.850000
36 462 319 0.654680
37 458 338 0.850000
38 459 360 0.850000
39 460 376 0.850000
40 470 364 0.850000
41 476 345 0.557540
42 479 326 0.850000
43 472 308 0.289662
44 465 274 0.031384
45 492 270 0.850000
46 504 253 0.850000
47 511 236 0.850000
48 511 227 0.555731
49 502 202 0.850000
50 495 185 0.850000
51 491 167 0.850000
52 491 147 0.850000
53 489 127 0.518516
54 488 109 0.850000
55 491 88 0.850000
56 495 77 0.850000
57 500 98 0.850000
58 507 119 0.850000
59 502 138 0.700000
60 478 164 0.700000
61 508 177 0.850000
62 507 196 0.850000
63 509 207 0.742681
64 505 236 0.850000
65 508 258 0.850000
66 505 278 0.850000
67 502 298 0.850000
68 502 319 0.717061
69 510 325 0.379628
70 500 359 0.700000
71 520 365 0.019794
72 499 400 0.700000
73 514 402 0.850000
74 519 381 0.724065
75 520 363 0.532166
76 523 339 0.850000
77 525 321 0.850000
78 521 302 0.850000
79 515 283 0.850000
80 515 265 0.850000
81 510 247 0.850000
82 509 228 0.850000
83 523 211 0.850000
84 507 190 0.850000
85 505 179 0.850000
86 510 177 0.850000
87 509 192 0.850000
88 509 213 0.850000
89 514 233 0.850000
90 518 254 0.850000
91 517 274 0.850000
92 520 293 0.850000
93 504 311 0.700000
94 534 331 0.077189
95 529 341 0.850000
96 504 323 0.850000
97 480 328 0.850000
98 468 321 0.850000
99 449 320 0.850000
100 429 322 0.598916
101 417 331 0.850000
102 434 342 0.522859
103 449 347 0.645330
104 464 337 0.544350
105 469 352 0.850000
106 484 345 0.574150
107 500 349 0.850000
108 504 334 0.850000
109 499 315 0.850000
110 504 298 0.850000
111 504 280 0.850000
112 506 263 0.850000
113 516 245 0.850000
114 526 231 0.850000
115 526 209 0.650061
116 521 227 0.850000
117 523 247 0.850000
118 530 274 0.850000
119 535 290 0.850000
120 540 312 0.543095
121 547 329 0.850000
122 555 325 0.602764
123 554 315 0.850000
124 561 323 0.029989
125 468 398 0.017454
126 468 398 0.046017
127 514 352 0.700000
128 519 362 0.850000
129 520 365 0.062144
130 495 398 0.700000
131 495 390 0.522010
132 495 389 0.717061
133 495 389 0.643849
134 508 379 0.800123
135 531 380 0.850000
136 548 372 0.700000
137 583 324 0.343203
138 540 345 0.700000
139 533 362 0.700000
140 582 364 0.037115
141 558 347 0.512449
142 564 377 0.700000
143 537 400 0.036873
144 537 400 0.036873
145 520 365 0.062144
146 495 347 0.850000
147 503 330 0.850000
148 480 328 0.850000
149 482 301 0.700000
150 506 268 0.081307
151 474 273 0.850000
152 462 261 0.519349
153 479 255 0.523892
154 495 248 0.850000
155 512 236 0.850000
156 503 220 0.850000
157 482 216 0.531487
158 467 208 0.850000
159 451 205 0.850000
160 443 210 0.850000
161 438 226 0.850000
162 435 236 0.850000
163 444 231 0.685500
164 471 231 0.525502
165 466 250 0.850000
166 454 264 0.850000
167 438 268 0.850000
168 431 262 0.850000
169 418 266 0.850000
170 409 279 0.850000
171 404 278 0.850000
172 413 276 0.850000
173 427 275 0.850000
174 432 293 0.850000
175 429 310 0.700000
176 463 304 0.059093
177 459 303 0.689814
178 477 297 0.850000
179 464 290 0.850000
180 457 308 0.850000
181 449 323 0.531924
182 435 335 0.554213
183 419 344 0.850000
184 422 362 0.553030
185 411 372 0.564993
186 405 379 0.850000
187 408 377 0.850000
188 410 368 0.850000
189 393 365 0.850000
190 386 377 0.850000
191 395 371 0.850000
192 401 350 0.850000
193 411 346 0.850000
194 404 335 0.850000
195 403 338 0.850000
196 401 356 0.850000
197 406 379 0.850000
198 422 393 0.850000
199 435 386 0.700000
200 518 399 0.700000
201 527 380 0.850000
202 544 373 0.850000
203 553 347 0.850000
204 557 325 0.850000
205 553 302 0.850000
206 551 281 0.850000
207 544 263 0.576087
208 550 281 0.850000
209 575 271 0.350000
210 541 250 0.700000
211 533 255 0.850000
212 547 240 0.850000
213 554 236 0.850000
214 544 226 0.850000
215 534 212 0.850000
216 523 199 0.616667
217 514 196 0.850000
218 511 202 0.850000
219 515 217 0.850000
220 525 238 0.850000
221 541 249 0.850000
222 559 264 0.850000
223 570 266 0.850000
224 550 264 0.850000
225 534 247 0.850000
226 525 227 0.850000
227 523 206 0.850000
228 524 191 0.850000
229 518 174 0.850000
230 523 158 0.850000
231 527 140 0.850000
232 527 125 0.850000
233 518 114 0.850000
234 500 106 0.850000
235 488 95 0.850000
236 492 75 0.850000
237 500 81 0.850000
238 501 76 0.704822
239 473 82 0.843203
240 459 87 0.850000
241 452 98 0.850000
242 462 106 0.850000
243 477 110 0.850000
244 501 117 0.850000
245 499 133 0.850000
246 479 142 0.850000
247 459 143 0.850000
248 446 146 0.656525
249 453 145 0.850000
250 462 152 0.742681
251 461 150 0.850000
252 473 134 0.850000
253 480 126 0.850000
254 465 118 0.850000
255 456 121 0.850000
256 444 133 0.850000
257 437 153 0.850000
258 435 168 0.850000
259 444 178 0.511994
260 440 185 0.850000
261 434 178 0.850000
262 453 173 0.850000
263 474 175 0.850000
264 494 178 0.850000
265 490 195 0.843203
266 477 211 0.850000
267 475 231 0.850000
268 462 237 0.850000
269 465 220 0.850000
270 464 188 0.850000
271 459 199 0.850000
272 438 210 0.850000
273 445 217 0.850000
274 437 229 0.850000
275 415 240 0.602764
276 413 252 0.850000
277 388 255 0.615643
278 406 250 0.850000
279 418 252 0.850000
280 433 245 0.850000
281 446 242 0.850000
282 462 250 0.850000
283 479 267 0.850000
284 500 277 0.695656
285 488 287 0.712219
286 467 282 0.850000
287 448 275 0.850000
288 433 264 0.850000
289 416 274 0.850000
290 402 285 0.850000
291 404 302 0.850000
292 414 312 0.850000
293 433 317 0.850000
294 445 308 0.850000
295 461 296 0.850000
296 467 269 0.850000
297 491 272 0.850000
298 494 285 0.693255
299 482 306 0.850000
300 458 301 0.850000
301 440 307 0.850000
302 425 322 0.843203
303 406 326 0.850000
304 386 334 0.850000
305 404 355 0.584887
306 397 362 0.850000
307 398 350 0.850000
308 400 331 0.850000
309 416 320 0.850000
310 431 320 0.850000
311 454 321 0.850000
312 474 312 0.850000
313 488 309 0.850000
314 504 315 0.850000
315 528 323 0.850000
316 552 325 0.850000
317 576 340 0.850000
318 586 361 0.850000
319 568 349 0.850000
320 549 330 0.607502
321 530 313 0.850000
322 522 289 0.850000
323 510 271 0.700000
324 478 288 0.700000
325 479 307 0.850000
326 470 328 0.850000
327 461 352 0.689814
328 465 363 0.850000
329 483 373 0.850000
330 507 380 0.850000
331 527 381 0.850000
332 547 372 0.850000
333 544 374 0.850000
334 528 383 0.638350
335 520 401 0.850000
336 507 390 0.850000
337 482 378 0.850000
338 470 388 0.850000
339 455 378 0.850000
340 443 358 0.480762
341 428 327 0.290659
342 436 310 0.850000
343 435 296 0.850000
344 437 279 0.850000
345 432 262 0.850000
346 425 248 0.850000
347 433 227 0.850000
348 436 209 0.850000
349 432 200 0.850000
350 436 201 0.776699
351 440 213 0.850000
352 451 217 0.850000
353 469 211 0.850000
354 486 194 0.850000
355 482 175 0.850000
356 491 151 0.850000
357 492 146 0.850000
358 491 126 0.850000
359 480 113 0.850000
360 476 86 0.850000
361 488 72 0.824967
362 502 80 0.850000
363 514 95 0.700000
364 468 398 0.008727
365 506 137 0.044872
366 504 147 0.533648
367 509 167 0.850000
368 517 182 0.850000
369 526 195 0.850000
370 535 206 0.850000
371 540 202 0.850000
372 548 194 0.850000
373 532 200 0.850000
374 519 210 0.850000
375 492 211 0.809359
376 476 206 0.850000
377 470 187 0.850000
378 477 168 0.850000
379 481 148 0.850000
380 472 133 0.850000
381 455 145 0.850000
382 448 164 0.850000
383 440 182 0.850000
384 442 203 0.850000
385 445 222 0.850000
386 433 222 0.850000
387 428 204 0.850000
388 434 190 0.850000
389 437 175 0.689814
390 430 185 0.850000
391 429 193 0.850000
392 426 197 0.850000
393 441 213 0.850000
394 439 232 0.850000
395 425 247 0.850000
396 410 246 0.850000
397 399 257 0.850000
398 406 275 0.850000
399 420 272 0.700000
400 562 386 0.700000
401 577 370 0.850000
402 584 362 0.850000
403 594 357 0.850000
404 585 332 0.850000
405 576 319 0.850000
406 568 301 0.850000
407 568 281 0.850000
408 564 262 0.607502
409 543 251 0.850000
410 540 234 0.850000
411 524 211 0.850000
412 536 194 0.850000
413 530 177 0.850000
414 524 156 0.850000
415 522 132 0.850000
416 506 120 0.850000
417 504 137 0.850000
418 498 154 0.700000
419 468 398 0.008727
420 478 190 0.700000
421 476 208 0.850000
422 471 226 0.850000
423 467 249 0.850000
424 462 262 0.527880
425 461 277 0.850000
426 460 294 0.515160
427 463 312 0.057493
428 468 398 0.017344
429 469 352 0.700000
430 484 436 0.024856
431 483 382 0.019242
432 501 392 0.700000
433 515 354 0.023889
434 537 400 0.009115
435 529 352 0.350000
436 468 398 0.008713
437 521 314 0.700000
438 520 294 0.850000
439 506 267 0.526800
440 522 257 0.850000
441 511 239 0.850000
442 520 225 0.850000
443 537 213 0.694444
444 555 221 0.850000
445 558 224 0.850000
446 561 250 0.850000
447 565 258 0.178145
448 567 292 0.700000
449 566 312 0.850000
450 570 331 0.850000
451 584 344 0.850000
452 593 358 0.850000
453 590 359 0.850000
454 582 344 0.850000
455 568 321 0.850000
456 553 304 0.850000
457 537 288 0.850000
458 522 277 0.850000
459 522 258 0.850000
460 528 238 0.850000
461 534 220 0.850000
462 542 224 0.850000
463 550 237 0.850000
464 559 253 0.850000
465 565 263 0.850000
466 577 276 0.850000
467 578 293 0.850000
468 576 305 0.850000
469 577 313 0.850000
470 572 316 0.747487
471 574 348 0.850000
472 570 373 0.850000
473 551 382 0.850000
474 530 364 0.850000
475 521 341 0.850000
476 502 340 0.850000
477 504 361 0.590130
478 483 364 0.850000
479 465 341 0.500000
480 433 359 0.700000
481 415 345 0.850000
482 405 360 0.850000
483 427 364 0.850000
484 444 359 0.850000
485 453 339 0.850000
486 446 316 0.850000
487 442 292 0.850000
488 437 271 0.850000
489 441 250 0.850000
490 432 228 0.850000
491 429 211 0.850000
492 427 200 0.850000
493 427 192 0.850000
494 430 180 0.850000
495 436 161 0.850000
496 434 166 0.850000
497 426 186 0.850000
498 423 206 0.850000
499 419 223 0.850000
500 424 240 0.850000
501 435 260 0.850000
502 455 264 0.850000
503 480 260 0.850000
504 501 253 0.850000
505 520 238 0.850000
506 531 219 0.850000
507 544 209 0.850000
508 563 209 0.850000
509 574 225 0.850000
510 577 248 0.850000
511 582 265 0.729786
512 559 279 0.850000
513 548 274 0.850000
514 546 273 0.850000
515 527 267 0.850000
516 501 270 0.850000
517 477 276 0.850000
518 482 294 0.850000
519 499 315 0.850000
520 518 322 0.850000
521 516 337 0.850000
522 496 342 0.850000
523 470 344 0.850000
524 448 337 0.850000
525 448 356 0.850000
526 471 366 0.850000
527 498 372 0.850000
528 520 373 0.850000
529 540 373 0.850000
530 566 377 0.850000
531 563 365 0.850000
532 548 375 0.850000
533 553 389 0.850000
534 569 379 0.850000
535 587 363 0.850000
536 594 344 0.850000
537 583 317 0.850000
538 571 296 0.850000
539 562 274 0.850000
540 556 251 0.850000
541 548 229 0.850000
542 542 209 0.850000
543 528 188 0.850000
544 517 169 0.850000
545 518 148 0.850000
546 523 124 0.824967
547 511 112 0.850000
548 514 103 0.850000
549 511 90 0.850000
550 496 83 0.850000
551 497 71 0.850000
552 484 63 0.850000
553 469 79 0.850000
554 459 99 0.850000
555 464 117 0.030118
556 468 398 0.017425
557 468 398 0.017454
558 455 156 0.700000
559 442 160 0.850000
560 433 160 0.850000
561 432 156 0.850000
562 447 134 0.724065
563 454 120 0.850000
564 469 99 0.800123
565 476 84 0.850000
566 491 71 0.850000
567 503 76 0.850000
568 513 102 0.850000
569 518 118 0.850000
570 526 138 0.850000
571 525 157 0.850000
572 524 168 0.850000
573 529 182 0.850000
574 533 179 0.850000
575 532 167 0.850000
576 521 164 0.850000
577 507 155 0.850000
578 488 151 0.787698
579 462 154 0.850000
580 440 156 0.850000
581 430 161 0.850000
582 434 178 0.850000
583 432 192 0.850000
584 424 201 0.850000
585 425 202 0.850000
586 425 188 0.850000
587 434 172 0.850000
588 445 153 0.850000
589 454 133 0.850000
590 463 116 0.850000
591 467 101 0.850000
592 471 83 0.850000
593 474 69 0.850000
594 484 54 0.850000
595 497 63 0.850000
596 503 78 0.850000
597 507 70 0.742681
598 512 93 0.671602
599 492 101 0.282958
600 570 403 0.700000
601 578 386 0.850000
602 580 373 0.850000
603 556 361 0.510370
604 557 342 0.850000
605 566 327 0.850000
606 567 306 0.850000
607 565 285 0.850000
608 565 264 0.850000
609 564 245 0.850000
610 559 222 0.850000
611 548 205 0.850000
612 535 189 0.850000
613 527 170 0.850000
614 525 177 0.850000
615 530 196 0.760875
616 533 212 0.850000
617 540 237 0.850000
618 544 256 0.850000
619 556 278 0.850000
620 559 302 0.850000
621 569 324 0.850000
622 568 348 0.850000
623 560 368 0.850000
624 544 365 0.850000
625 537 340 0.843203
626 537 321 0.850000
627 525 297 0.850000
628 524 269 0.850000
629 524 248 0.850000
630 512 232 0.850000
631 504 211 0.850000
632 487 195 0.850000
633 464 194 0.850000
634 465 213 0.850000
635 470 235 0.850000
636 480 253 0.850000
637 476 280 0.656525
638 498 300 0.850000
639 511 322 0.850000
640 513 349 0.850000
641 509 374 0.850000
642 489 374 0.850000
643 469 356 0.850000
644 459 329 0.850000
645 453 309 0.850000
646 458 281 0.850000
647 461 256 0.850000
648 450 243 0.850000
649 437 251 0.850000
650 441 273 0.850000
651 443 294 0.850000
652 447 309 0.850000
653 441 326 0.850000
654 438 341 0.703433
655 421 343 0.850000
656 403 351 0.850000
657 402 363 0.850000
658 408 354 0.850000
659 419 339 0.850000
660 439 323 0.850000
661 448 302 0.850000
662 446 277 0.843203
663 445 256 0.850000
664 434 241 0.850000
665 424 222 0.850000
666 426 204 0.850000
667 436 184 0.850000
668 446 166 0.850000
669 454 147 0.850000
670 469 131 0.850000
671 486 137 0.850000
672 501 148 0.850000
673 489 172 0.850000
674 488 191 0.850000
675 488 191 0.700000
676 472 230 0.700000
677 472 249 0.850000
678 474 273 0.850000
679 489 283 0.843203
680 511 269 0.809359
681 533 268 0.843203
682 547 293 0.850000
683 563 313 0.850000
684 576 330 0.850000
685 594 348 0.850000
686 580 347 0.850000
687 559 329 0.850000
688 544 329 0.850000
689 552 337 0.674132
690 521 346 0.850000
691 493 351 0.850000
692 471 359 0.850000
693 447 364 0.850000
694 427 368 0.850000
695 411 360 0.850000
696 404 358 0.850000
697 408 374 0.850000
698 419 380 0.850000
699 441 379 0.850000
700 460 362 0.850000
701 467 340 0.850000
702 453 315 0.809359
703 448 301 0.850000
704 443 288 0.850000
705 442 276 0.850000
706 438 267 0.850000
707 433 243 0.671602
708 424 235 0.850000
709 425 217 0.850000
710 429 196 0.850000
711 417 183 0.850000
712 432 186 0.850000
713 452 177 0.850000
714 471 175 0.700000
715 501 156 0.546608
716 511 163 0.850000
717 515 151 0.703433
718 522 157 0.850000
719 526 159 0.850000
720 523 172 0.850000
721 523 192 0.850000
722 521 212 0.850000
723 519 231 0.850000
724 510 248 0.700000
725 468 398 0.013424
726 505 284 0.700000
727 499 301 0.700000
728 468 398 0.013920
729 504 338 0.700000
730 515 355 0.850000
731 521 373 0.024551
732 531 418 0.019639
733 543 405 0.850000
734 564 406 0.850000
735 578 392 0.850000
736 580 374 0.850000
737 575 363 0.850000
738 578 343 0.850000
739 581 328 0.850000
740 578 311 0.850000
741 571 293 0.700000
742 555 263 0.700000
743 552 252 0.850000
744 534 237 0.850000
745 523 216 0.850000
746 513 195 0.850000
747 500 180 0.850000
748 496 160 0.850000
749 495 144 0.850000
750 504 123 0.850000
751 522 123 0.850000
752 526 136 0.850000
753 527 161 0.850000
754 537 178 0.850000
755 552 191 0.850000
756 553 208 0.850000
757 556 228 0.850000
758 553 249 0.850000
759 549 267 0.850000
760 538 268 0.800123
761 558 271 0.850000
762 563 294 0.850000
763 552 315 0.850000
764 525 321 0.676777
765 506 332 0.850000
766 479 321 0.850000
767 454 312 0.843203
768 439 306 0.850000
769 422 304 0.850000
770 415 292 0.850000
771 410 279 0.850000
772 410 266 0.850000
773 412 251 0.850000
774 406 245 0.850000
775 401 247 0.850000
776 403 259 0.850000
777 395 262 0.850000
778 403 264 0.850000
779 416 271 0.850000
780 430 282 0.850000
781 449 286 0.850000
782 474 279 0.791667
783 499 279 0.850000
784 517 265 0.843203
785 540 267 0.850000
786 548 270 0.850000
787 561 277 0.850000
788 565 280 0.850000
789 568 278 0.850000
790 568 273 0.850000
791 567 261 0.850000
792 565 247 0.850000
793 549 245 0.850000
794 521 239 0.787698
795 509 249 0.700000
796 468 398 0.014171
797 478 266 0.022268
798 495 389 0.018959
799 468 398 0.026712
