123 200 65
14 204
0 21
0 199 439 1.000000
1 184 432 0.950000
2 187 411 0.950000
3 202 378 0.950000
4 187 364 0.950000
5 188 342 0.950000
6 192 317 0.950000
7 196 300 0.950000
8 195 271 0.950000
9 190 251 0.950000
10 210 225 0.950000
11 210 210 0.950000
12 206 188 0.950000
13 205 165 0.950000
14 199 148 0.950000
15 207 131 0.950000
16 211 100 0.950000
17 203 95 0.950000
18 210 77 0.950000
19 214 57 0.950000
20 214 35 0.950000
21 216 20 1.000000
22 214 39 0.950000
23 218 57 0.950000
24 225 78 0.950000
25 226 93 0.950000
26 235 117 0.950000
27 238 136 0.950000
28 238 160 0.850000
29 232 167 0.850000
30 234 196 0.950000
31 235 229 0.950000
32 233 239 0.950000
33 236 263 0.950000
34 237 281 0.950000
35 237 303 0.950000
36 246 322 0.900000
37 91 301 0.450000
38 244 372 0.900000
39 251 390 0.950000
40 260 383 0.950000
41 262 345 0.950000
42 253 338 0.950000
43 246 313 0.950000
44 245 291 0.950000
45 238 269 0.950000
46 225 246 0.950000
47 228 227 0.950000
48 237 206 0.950000
49 245 185 0.950000
50 246 167 0.950000
51 239 151 0.950000
52 233 135 0.850000
53 237 117 0.950000
54 226 88 0.950000
55 222 73 0.850000
56 212 74 0.850000
57 210 92 0.950000
58 214 106 0.950000
59 209 124 0.950000
60 213 149 0.950000
61 209 166 0.950000
62 208 191 0.950000
63 208 212 0.950000
64 211 235 0.950000
65 207 257 0.950000
66 210 279 0.950000
67 219 302 0.950000
68 216 325 0.950000
69 220 349 0.950000
70 228 373 0.950000
71 229 396 0.950000
72 224 424 0.950000
73 217 425 0.950000
74 219 407 0.950000
75 225 377 0.950000
76 218 352 0.950000
77 213 327 0.950000
78 209 304 0.950000
79 219 282 0.950000
80 213 262 0.950000
81 224 240 0.950000
82 224 218 0.950000
83 232 194 0.850000
84 235 173 0.850000
85 218 170 0.950000
86 199 172 0.950000
87 191 192 0.950000
88 194 214 0.950000
89 195 233 0.950000
90 199 251 0.950000
91 192 273 0.950000
92 191 298 0.950000
93 186 321 0.950000
94 194 329 0.850000
95 218 338 0.950000
96 239 329 0.950000
97 245 334 0.950000
98 247 329 0.950000
99 250 327 0.950000
100 266 333 0.950000
101 299 335 0.950000
102 278 355 0.950000
103 272 354 0.950000
104 263 344 0.850000
105 287 365 0.950000
106 281 360 0.950000
107 281 360 0.950000
108 258 354 0.950000
109 260 326 0.950000
110 254 296 0.950000
111 247 275 0.950000
112 232 257 0.950000
113 216 236 0.950000
114 202 224 0.950000
115 186 215 0.950000
116 179 230 0.950000
117 168 252 0.950000
118 166 277 0.950000
119 158 293 0.950000
120 158 316 0.950000
121 156 333 0.950000
122 165 331 0.950000
123 180 320 0.950000
124 193 327 0.950000
125 223 329 0.950000
126 255 346 0.950000
127 245 368 0.950000
128 226 380 0.950000
129 218 377 0.950000
130 230 386 0.950000
131 244 404 0.950000
132 225 405 0.950000
133 199 415 0.950000
134 188 396 0.950000
135 158 398 0.950000
136 153 378 0.950000
137 147 359 0.950000
138 174 351 0.950000
139 183 377 0.950000
140 189 383 0.950000
141 195 386 0.950000
142 196 402 0.950000
143 218 420 0.950000
144 232 403 0.950000
145 256 387 0.850000
146 264 362 0.850000
147 275 346 0.850000
148 254 335 0.950000
149 250 307 0.950000
150 249 286 0.950000
151 264 269 0.950000
152 276 262 0.950000
153 261 247 0.950000
154 239 242 0.950000
155 230 225 0.950000
156 236 209 0.950000
157 241 209 0.950000
158 242 206 0.950000
159 242 205 0.950000
160 237 227 0.950000
161 232 237 0.950000
162 255 256 0.950000
163 257 234 0.950000
164 257 228 0.950000
165 254 249 0.850000
166 259 266 0.950000
167 252 262 0.950000
168 247 277 0.950000
169 243 283 0.950000
170 238 292 0.900000
171 283 295 0.900000
172 269 284 0.950000
173 272 282 0.950000
174 272 300 0.950000
175 274 321 0.950000
176 270 325 0.950000
177 261 317 0.950000
178 258 297 0.950000
179 265 296 0.950000
180 274 315 0.950000
181 287 333 0.950000
182 300 348 0.950000
183 298 358 0.950000
184 287 377 0.950000
185 282 384 0.950000
186 290 385 0.950000
187 249 382 0.950000
188 235 371 0.950000
189 233 369 0.850000
190 226 375 0.950000
191 240 365 0.950000
192 212 352 0.900000
193 293 344 0.900000
194 287 337 0.950000
195 252 346 0.950000
196 258 364 0.850000
197 280 380 0.700000
198 234 405 0.700000
199 250 395 0.900000
200 184 413 0.900000
201 159 397 0.950000
202 157 372 0.850000
203 144 352 0.950000
204 144 327 0.950000
205 147 306 0.950000
206 153 284 0.950000
207 173 265 0.950000
208 171 283 0.950000
209 188 278 0.950000
210 214 265 0.950000
211 216 243 0.950000
212 200 225 0.950000
213 179 224 0.950000
214 180 213 0.950000
215 201 192 0.950000
216 200 186 0.950000
217 194 193 0.950000
218 182 207 0.950000
219 176 231 0.950000
220 179 244 0.950000
221 166 247 0.950000
222 151 264 0.950000
223 133 267 0.950000
224 139 270 0.950000
225 143 256 0.950000
226 151 231 0.950000
227 155 217 0.950000
228 160 200 0.950000
229 172 180 0.950000
230 180 158 0.950000
231 180 139 0.950000
232 189 117 0.950000
233 202 101 0.950000
234 216 95 0.950000
235 230 83 0.950000
236 216 66 0.950000
237 204 80 0.950000
238 200 93 0.900000
239 91 299 0.450000
240 235 97 0.900000
241 231 114 0.950000
242 218 126 0.950000
243 207 127 0.950000
244 193 127 0.950000
245 186 144 0.950000
246 195 157 0.950000
247 207 166 0.950000
248 226 165 0.950000
249 231 157 0.950000
250 246 155 0.950000
251 255 144 0.950000
252 245 121 0.950000
253 236 114 0.950000
254 226 123 0.950000
255 218 129 0.900000
256 90 306 0.450000
257 236 168 0.900000
258 251 177 0.950000
259 250 187 0.950000
260 233 197 0.950000
261 225 202 0.900000
262 91 298 0.450000
263 198 187 0.900000
264 181 193 0.950000
265 159 223 0.900000
266 91 300 0.450000
267 191 244 0.900000
268 215 256 0.950000
269 223 236 0.950000
270 216 215 0.950000
271 233 203 0.950000
272 249 187 0.950000
273 270 216 0.950000
274 288 225 0.950000
275 300 242 0.950000
276 302 254 0.950000
277 303 260 0.950000
278 291 265 0.950000
279 257 262 0.950000
280 237 257 0.950000
281 217 254 0.950000
282 200 263 0.950000
283 189 275 0.950000
284 180 300 0.950000
285 185 303 0.950000
286 216 290 0.950000
287 241 290 0.950000
288 249 276 0.950000
289 270 283 0.950000
290 275 297 0.950000
291 264 310 0.950000
292 246 321 0.950000
293 227 326 0.950000
294 213 320 0.950000
295 195 306 0.900000
296 245 319 0.900000
297 188 273 0.900000
298 183 301 0.950000
299 197 313 0.950000
300 180 319 0.950000
301 223 316 0.950000
302 235 328 0.900000
303 287 334 0.900000
304 287 338 0.950000
305 265 365 0.950000
306 274 377 0.950000
307 241 358 0.950000
308 245 318 0.950000
309 221 327 0.950000
310 201 330 0.950000
311 182 350 0.950000
312 180 319 0.950000
313 182 316 0.950000
314 180 321 0.950000
315 169 330 0.950000
316 141 336 0.950000
317 125 345 0.950000
318 110 364 0.950000
319 109 343 0.950000
320 130 336 0.950000
321 145 316 0.950000
322 154 295 0.950000
323 161 261 0.950000
324 172 295 0.950000
325 181 314 0.950000
326 184 336 0.950000
327 197 353 0.950000
328 197 379 0.950000
329 193 377 0.950000
330 171 375 0.950000
331 159 397 0.950000
332 159 382 0.950000
333 150 374 0.950000
334 159 401 0.950000
335 169 413 0.950000
336 181 444 0.900000
337 184 376 0.450000
338 91 300 0.450000
339 188 378 0.900000
340 193 364 0.850000
341 214 336 0.850000
342 212 322 0.850000
343 215 305 0.950000
344 225 295 0.950000
345 233 272 0.950000
346 242 255 0.950000
347 249 236 0.950000
348 255 220 0.950000
349 255 213 0.950000
350 224 211 0.950000
351 234 230 0.950000
352 202 235 0.900000
353 91 299 0.900000
354 91 300 0.900000
355 174 198 0.900000
356 181 180 0.950000
357 187 162 0.950000
358 195 140 0.950000
359 201 125 0.900000
360 91 301 0.450000
361 204 84 0.900000
362 200 74 0.950000
363 205 81 0.950000
364 216 91 0.950000
365 225 106 0.950000
366 232 127 0.950000
367 228 145 0.950000
368 228 163 0.950000
369 216 177 0.950000
370 201 192 0.950000
371 178 198 0.950000
372 163 200 0.850000
373 159 205 0.850000
374 155 223 0.950000
375 174 229 0.950000
376 178 228 0.950000
377 184 209 0.950000
378 185 190 0.950000
379 187 170 0.950000
380 196 155 0.950000
381 220 161 0.850000
382 206 179 0.850000
383 221 204 0.850000
384 202 214 0.850000
385 198 250 0.850000
386 195 247 0.950000
387 202 231 0.900000
388 90 305 0.450000
389 224 203 0.900000
390 238 199 0.950000
391 255 200 0.950000
392 269 202 0.950000
393 269 213 0.950000
394 267 236 0.950000
395 272 245 0.950000
396 301 260 0.950000
397 283 270 0.850000
398 243 285 0.850000
399 248 279 0.700000
400 172 408 0.900000
401 154 387 0.950000
402 135 372 0.950000
403 118 361 0.950000
404 120 339 0.850000
405 143 325 0.950000
406 159 302 0.950000
407 168 275 0.950000
408 187 259 0.950000
409 204 240 0.950000
410 202 221 0.950000
411 193 198 0.950000
412 199 182 0.950000
413 199 161 0.950000
414 195 147 0.950000
415 200 118 0.850000
416 205 114 0.950000
417 226 118 0.950000
418 240 132 0.950000
419 253 153 0.950000
420 260 177 0.950000
421 257 198 0.950000
422 257 222 0.950000
423 265 240 0.950000
424 282 256 0.950000
425 287 278 0.950000
426 288 297 0.950000
427 293 320 0.950000
428 296 340 0.950000
429 288 366 0.950000
430 275 388 0.950000
431 259 406 0.950000
432 247 421 0.950000
433 239 411 0.950000
434 236 396 0.950000
435 236 374 0.950000
436 246 346 0.950000
437 248 316 0.950000
438 244 293 0.950000
439 240 269 0.950000
440 234 247 0.950000
441 232 224 0.950000
442 223 212 0.950000
443 202 199 0.950000
444 177 210 0.950000
445 162 220 0.950000
446 165 245 0.950000
447 161 269 0.950000
448 160 291 0.950000
449 164 319 0.950000
450 160 339 0.950000
451 134 349 0.950000
452 116 360 0.950000
453 106 365 0.950000
454 110 346 0.850000
455 121 328 0.950000
456 140 309 0.950000
457 145 294 0.950000
458 145 288 0.950000
459 141 271 0.950000
460 145 248 0.950000
461 149 230 0.950000
462 154 229 0.950000
463 161 234 0.950000
464 164 248 0.950000
465 170 256 0.950000
466 159 270 0.950000
467 152 292 0.950000
468 143 307 0.950000
469 125 316 0.950000
470 118 329 0.950000
471 109 353 0.950000
472 117 375 0.950000
473 120 389 0.900000
474 137 337 0.900000
475 147 342 0.950000
476 157 344 0.950000
477 152 365 0.950000
478 163 367 0.950000
479 183 352 0.950000
480 189 362 0.950000
481 213 352 0.900000
482 293 344 0.450000
483 201 367 0.900000
484 188 361 0.950000
485 175 346 0.950000
486 173 316 0.950000
487 186 304 0.950000
488 189 288 0.850000
489 190 269 0.950000
490 196 253 0.950000
491 202 235 0.950000
492 216 223 0.950000
493 229 211 0.950000
494 239 198 0.950000
495 232 178 0.950000
496 223 188 0.950000
497 226 204 0.900000
498 90 305 0.450000
499 218 240 0.450000
500 91 299 0.450000
501 202 275 0.900000
502 215 303 0.900000
503 182 263 0.900000
504 163 264 0.950000
505 164 233 0.950000
506 151 229 0.950000
507 147 215 0.950000
508 144 207 0.950000
509 140 225 0.850000
510 139 224 0.950000
511 130 266 0.950000
512 138 281 0.950000
513 135 279 0.950000
514 120 281 0.950000
515 129 278 0.950000
516 145 283 0.900000
517 293 345 0.450000
518 161 306 0.900000
519 149 319 0.950000
520 141 335 0.950000
521 140 340 0.950000
522 146 347 0.950000
523 149 349 0.950000
524 175 340 0.950000
525 182 356 0.900000
526 293 345 0.450000
527 158 372 0.900000
528 152 366 0.950000
529 136 379 0.950000
530 122 380 0.850000
531 131 368 0.950000
532 150 384 0.950000
533 148 396 0.950000
534 126 383 0.950000
535 107 367 0.950000
536 100 345 0.950000
537 107 320 0.950000
538 119 300 0.950000
539 130 279 0.950000
540 137 247 0.850000
541 147 232 0.950000
542 150 214 0.950000
543 159 196 0.950000
544 169 178 0.950000
545 168 159 0.950000
546 168 137 0.950000
547 179 122 0.950000
548 193 98 0.950000
549 198 85 0.950000
550 216 77 0.950000
551 215 63 0.950000
552 214 68 0.950000
553 226 88 0.950000
554 237 104 0.950000
555 244 115 0.950000
556 249 124 0.950000
557 259 143 0.950000
558 258 154 0.950000
559 253 165 0.900000
560 293 344 0.900000
561 293 345 0.900000
562 220 161 0.450000
563 293 345 0.900000
564 293 344 0.900000
565 204 101 0.900000
566 201 81 0.950000
567 194 86 0.950000
568 192 101 0.950000
569 185 116 0.950000
570 186 131 0.950000
571 201 143 0.950000
572 217 145 0.950000
573 209 162 0.950000
574 194 166 0.950000
575 178 165 0.950000
576 173 169 0.950000
577 173 168 0.950000
578 184 174 0.950000
579 206 173 0.950000
580 221 173 0.950000
581 251 178 0.950000
582 233 198 0.950000
583 263 199 0.900000
584 296 228 0.900000
585 290 235 0.900000
586 230 208 0.900000
587 293 344 0.450000
588 207 179 0.450000
589 293 345 0.450000
590 202 139 0.450000
591 293 344 0.450000
592 208 101 0.450000
593 293 344 0.450000
594 214 59 0.900000
595 214 58 0.950000
596 208 67 0.850000
597 194 81 0.950000
598 193 98 0.950000
599 210 100 0.900000
600 160 426 0.900000
601 159 411 0.950000
602 168 400 0.950000
603 197 384 0.950000
604 195 354 0.950000
605 179 333 0.950000
606 180 305 0.950000
607 182 280 0.850000
608 172 257 0.950000
609 168 234 0.950000
610 159 209 0.950000
611 169 199 0.950000
612 178 184 0.950000
613 177 171 0.950000
614 164 185 0.950000
615 149 202 0.950000
616 146 223 0.950000
617 145 244 0.950000
618 135 264 0.950000
619 128 284 0.950000
620 121 308 0.950000
621 108 329 0.900000
622 293 345 0.450000
623 116 369 0.900000
624 117 367 0.950000
625 113 347 0.950000
626 113 327 0.950000
627 127 308 0.950000
628 129 285 0.950000
629 131 265 0.950000
630 147 249 0.950000
631 157 231 0.950000
632 158 222 0.900000
633 293 345 0.450000
634 172 237 0.900000
635 165 257 0.950000
636 156 273 0.900000
637 293 344 0.450000
638 136 309 0.900000
639 128 327 0.950000
640 126 349 0.950000
641 123 368 0.950000
642 134 369 0.950000
643 149 351 0.950000
644 157 335 0.950000
645 163 315 0.950000
646 164 296 0.950000
647 164 275 0.950000
648 178 263 0.900000
649 293 344 0.450000
650 199 286 0.900000
651 194 304 0.950000
652 174 316 0.900000
653 293 345 0.450000
654 177 350 0.900000
655 197 354 0.700000
656 293 345 0.350000
657 212 362 0.700000
658 199 354 0.900000
659 293 344 0.900000
660 245 318 0.900000
661 173 313 0.900000
662 181 296 0.900000
663 293 344 0.450000
664 196 262 0.450000
665 90 303 0.450000
666 293 345 0.900000
667 293 344 0.900000
668 197 202 0.900000
669 204 172 0.950000
670 196 154 0.950000
671 183 159 0.950000
672 170 175 0.950000
673 170 194 0.900000
674 293 345 0.450000
675 171 240 0.900000
676 165 258 0.900000
677 90 304 0.900000
678 91 300 0.900000
679 138 297 0.900000
680 125 281 0.950000
681 117 284 0.950000
682 115 301 0.950000
683 111 316 0.950000
684 104 334 0.950000
685 96 354 0.950000
686 99 349 0.950000
687 116 334 0.950000
688 116 335 0.950000
689 104 339 0.950000
690 110 346 0.950000
691 131 348 0.900000
692 293 344 0.450000
693 165 360 0.450000
694 293 345 0.900000
695 293 345 0.900000
696 212 355 0.900000
697 197 370 0.950000
698 179 372 0.900000
699 186 450 0.450000
700 293 344 0.900000
701 245 318 0.900000
702 293 345 0.900000
703 175 312 0.900000
704 191 301 0.950000
705 215 302 0.950000
706 220 278 0.900000
707 245 318 0.900000
708 243 247 0.900000
709 242 230 0.950000
710 225 211 0.900000
711 293 344 0.450000
712 214 210 0.700000
713 197 202 0.950000
714 181 196 0.950000
715 170 186 0.950000
716 170 176 0.950000
717 184 157 0.950000
718 190 145 0.950000
719 200 143 0.950000
720 219 149 0.950000
721 225 170 0.950000
722 228 188 0.950000
723 237 214 0.950000
724 241 235 0.950000
725 250 261 0.950000
726 259 280 0.950000
727 257 305 0.950000
728 264 331 0.950000
729 255 355 0.950000
730 249 374 0.950000
731 251 401 0.950000
732 238 433 0.950000
733 216 441 0.950000
734 189 441 0.950000
735 172 424 0.950000
736 164 393 0.950000
737 169 372 0.950000
738 152 349 0.950000
739 140 335 0.950000
740 136 314 0.950000
741 134 295 0.950000
742 135 276 0.950000
743 135 259 0.950000
744 143 248 0.950000
745 146 231 0.950000
746 148 215 0.950000
747 163 200 0.950000
748 170 182 0.950000
749 177 162 0.950000
750 177 128 0.950000
751 175 126 0.950000
752 186 133 0.850000
753 182 156 0.950000
754 174 175 0.950000
755 154 191 0.950000
756 150 214 0.950000
757 137 230 0.950000
758 136 256 0.950000
759 133 278 0.950000
760 126 286 0.950000
761 113 280 0.950000
762 105 300 0.950000
763 102 320 0.950000
764 122 331 0.900000
765 293 344 0.450000
766 144 327 0.900000
767 91 305 0.900000
768 182 317 0.900000
769 245 317 0.900000
770 220 305 0.900000
771 272 299 0.900000
772 290 271 0.950000
773 255 264 0.950000
774 266 259 0.950000
775 265 259 0.900000
776 91 297 0.450000
777 242 285 0.900000
778 222 281 0.900000
779 293 344 0.450000
780 186 297 0.900000
781 169 300 0.950000
782 148 298 0.950000
783 135 293 0.950000
784 118 284 0.950000
785 119 278 0.950000
786 129 281 0.950000
787 127 283 0.950000
788 136 279 0.950000
789 138 264 0.950000
790 158 269 0.950000
791 174 252 0.950000
792 186 234 0.950000
793 210 226 0.950000
794 229 229 0.950000
795 253 236 0.950000
796 268 243 0.950000
797 267 259 0.950000
798 270 281 0.950000
799 256 274 0.900000
