256 44 65
14 204
0 21
0 352 409 1.000000
1 343 403 0.850000
2 346 384 0.850000
3 346 368 0.620190
4 351 346 0.850000
5 353 326 0.850000
6 354 306 0.850000
7 364 288 0.740381
8 358 267 0.850000
9 353 249 0.787698
10 359 230 0.850000
11 360 211 0.517353
12 366 192 0.662483
13 358 171 0.747487
14 349 158 0.850000
15 347 143 0.850000
16 344 128 0.850000
17 341 104 0.776699
18 346 91 0.824967
19 349 78 0.850000
20 352 59 0.850000
21 352 47 1.000000
22 351 63 0.850000
23 355 81 0.850000
24 360 98 0.824967
25 363 117 0.850000
26 371 137 0.850000
27 370 152 0.850000
28 374 174 0.850000
29 369 187 0.850000
30 362 199 0.824967
31 363 223 0.850000
32 363 242 0.524409
33 364 260 0.597073
34 367 276 0.541157
35 368 294 0.850000
36 366 314 0.850000
37 369 331 0.850000
38 370 350 0.850000
39 386 367 0.054409
40 389 303 0.348263
41 394 339 0.700000
42 393 321 0.850000
43 397 298 0.677686
44 388 284 0.850000
45 388 267 0.694444
46 387 250 0.850000
47 393 231 0.850000
48 397 215 0.850000
49 402 196 0.850000
50 397 183 0.850000
51 385 168 0.850000
52 377 151 0.850000
53 375 136 0.850000
54 372 117 0.850000
55 367 98 0.850000
56 355 94 0.850000
57 359 112 0.850000
58 380 112 0.161788
59 367 143 0.700000
60 374 155 0.850000
61 370 180 0.850000
62 365 198 0.850000
63 368 209 0.850000
64 365 236 0.850000
65 369 255 0.850000
66 373 273 0.850000
67 376 292 0.850000
68 375 312 0.850000
69 378 330 0.850000
70 391 351 0.693255
71 384 371 0.850000
72 386 391 0.850000
73 392 393 0.850000
74 396 374 0.850000
75 401 353 0.850000
76 396 330 0.850000
77 392 315 0.850000
78 388 294 0.850000
79 387 279 0.850000
80 382 259 0.850000
81 390 247 0.850000
82 390 224 0.576087
83 393 204 0.850000
84 395 177 0.667620
85 376 182 0.850000
86 358 182 0.850000
87 350 197 0.850000
88 355 215 0.850000
89 359 231 0.850000
90 363 250 0.850000
91 361 270 0.850000
92 365 289 0.850000
93 369 308 0.773304
94 384 317 0.850000
95 398 324 0.850000
96 408 314 0.850000
97 391 319 0.850000
98 389 303 0.570855
99 365 315 0.850000
100 365 318 0.850000
101 374 327 0.850000
102 380 335 0.850000
103 379 335 0.850000
104 401 330 0.850000
105 414 343 0.541881
106 427 341 0.850000
107 423 346 0.850000
108 420 334 0.850000
109 419 307 0.850000
110 418 291 0.850000
111 408 274 0.850000
112 397 258 0.850000
113 388 247 0.850000
114 380 227 0.675000
115 368 203 0.700000
116 343 226 0.700000
117 339 247 0.850000
118 338 267 0.850000
119 339 284 0.850000
120 339 305 0.850000
121 348 320 0.850000
122 366 309 0.824967
123 387 307 0.591599
124 405 310 0.850000
125 416 318 0.850000
126 422 329 0.850000
127 418 345 0.850000
128 403 355 0.850000
129 385 354 0.850000
130 393 376 0.584887
131 392 375 0.850000
132 390 367 0.246259
133 361 377 0.700000
134 351 371 0.850000
135 352 368 0.850000
136 353 359 0.850000
137 353 339 0.850000
138 363 335 0.850000
139 376 347 0.824967
140 390 359 0.850000
141 407 358 0.776699
142 423 367 0.850000
143 427 384 0.850000
144 433 371 0.850000
145 423 359 0.850000
146 419 338 0.800123
147 418 324 0.700000
148 389 303 0.177457
149 393 297 0.850000
150 394 281 0.850000
151 400 268 0.850000
152 403 260 0.850000
153 398 250 0.850000
154 394 244 0.850000
155 401 227 0.850000
156 393 216 0.850000
157 386 217 0.824967
158 371 211 0.583239
159 358 214 0.700000
160 322 219 0.030517
161 340 236 0.850000
162 359 253 0.850000
163 371 240 0.650061
164 382 234 0.850000
165 397 242 0.528211
166 378 263 0.850000
167 366 270 0.700000
168 389 303 0.348263
169 334 272 0.700000
170 328 283 0.850000
171 344 282 0.850000
172 360 278 0.850000
173 366 275 0.079669
174 389 303 0.494975
175 376 308 0.850000
176 399 304 0.850000
177 390 305 0.850000
178 396 292 0.850000
179 397 291 0.850000
180 397 303 0.850000
181 389 303 0.658438
182 400 305 0.163723
183 393 340 0.485363
184 385 346 0.700000
185 400 305 0.064660
186 389 303 0.674132
187 389 303 0.348263
188 328 353 0.700000
189 316 349 0.850000
190 302 357 0.850000
191 293 353 0.850000
192 298 337 0.700000
193 389 303 0.174132
194 328 327 0.700000
195 339 330 0.850000
196 345 346 0.700000
197 389 303 0.174132
198 344 375 0.350000
199 389 303 0.174132
200 355 385 0.700000
201 349 368 0.850000
202 345 351 0.700000
203 344 319 0.700000
204 342 315 0.850000
205 342 295 0.700000
206 343 264 0.343203
207 360 265 0.850000
208 376 274 0.850000
209 392 270 0.850000
210 402 261 0.850000
211 405 247 0.850000
212 398 231 0.850000
213 380 229 0.850000
214 375 220 0.850000
215 379 200 0.850000
216 379 196 0.850000
217 360 187 0.649934
218 320 194 0.273304
219 331 219 0.742681
220 348 225 0.617718
221 352 245 0.850000
222 351 258 0.850000
223 337 260 0.850000
224 321 262 0.850000
225 309 243 0.800123
226 320 228 0.717061
227 316 213 0.850000
228 321 202 0.850000
229 332 185 0.850000
230 339 163 0.850000
231 346 148 0.850000
232 355 128 0.850000
233 365 120 0.850000
234 367 115 0.850000
235 371 108 0.850000
236 353 88 0.850000
237 349 92 0.824967
238 341 103 0.850000
239 343 106 0.850000
240 348 112 0.850000
241 341 127 0.850000
242 334 133 0.638350
243 342 135 0.850000
244 337 137 0.850000
245 331 152 0.850000
246 320 156 0.850000
247 325 170 0.850000
248 334 173 0.850000
249 347 167 0.511942
250 364 168 0.700000
251 389 303 0.174132
252 376 142 0.700000
253 366 131 0.742681
254 348 140 0.510189
255 337 146 0.510311
256 329 162 0.511054
257 338 177 0.850000
258 354 184 0.027310
259 389 303 0.174132
260 345 201 0.268438
261 328 199 0.850000
262 323 195 0.850000
263 328 191 0.850000
264 320 180 0.250000
265 312 210 0.700000
266 304 219 0.850000
267 318 240 0.850000
268 332 244 0.740381
269 338 229 0.773304
270 341 215 0.516474
271 356 209 0.700000
272 389 303 0.017170
273 382 222 0.700000
274 395 231 0.700000
275 389 303 0.028970
276 389 254 0.700000
277 377 261 0.700000
278 389 303 0.028551
279 356 256 0.054311
280 338 253 0.850000
281 329 250 0.850000
282 320 248 0.718750
283 323 269 0.850000
284 329 275 0.850000
285 338 284 0.850000
286 344 281 0.850000
287 347 276 0.700000
288 389 303 0.348263
289 362 276 0.700000
290 358 288 0.850000
291 348 300 0.850000
292 339 308 0.700000
293 389 303 0.174132
294 320 305 0.700000
295 314 295 0.850000
296 318 280 0.850000
297 326 271 0.850000
298 337 284 0.850000
299 335 301 0.850000
300 327 296 0.850000
301 331 305 0.850000
302 333 317 0.526015
303 339 321 0.056124
304 389 303 0.041655
305 357 346 0.700000
306 337 350 0.522668
307 327 340 0.850000
308 319 324 0.850000
309 315 313 0.850000
310 314 313 0.850000
311 304 314 0.824967
312 309 306 0.843203
313 324 304 0.700000
314 389 303 0.026320
315 329 316 0.700000
316 333 315 0.850000
317 335 309 0.183956
318 327 345 0.700000
319 313 335 0.850000
320 314 308 0.634219
321 316 303 0.850000
322 308 278 0.675000
323 308 269 0.850000
324 312 284 0.850000
325 318 303 0.850000
326 314 321 0.850000
327 319 334 0.850000
328 326 350 0.850000
329 334 358 0.850000
330 340 364 0.850000
331 348 368 0.850000
332 354 360 0.850000
333 343 360 0.850000
334 343 378 0.850000
335 340 379 0.747487
336 348 372 0.850000
337 331 363 0.700000
338 415 392 0.019566
339 309 359 0.700000
340 309 343 0.850000
341 312 325 0.850000
342 311 310 0.850000
343 302 291 0.035763
344 330 280 0.700000
345 336 266 0.850000
346 345 252 0.290659
347 389 303 0.348263
348 399 304 0.700000
349 353 212 0.350000
350 389 303 0.174132
351 328 227 0.350000
352 389 303 0.014813
353 306 227 0.700000
354 299 213 0.850000
355 305 197 0.850000
356 311 181 0.850000
357 324 166 0.850000
358 331 151 0.850000
359 343 135 0.850000
360 335 119 0.850000
361 340 101 0.850000
362 346 93 0.800123
363 364 101 0.850000
364 379 113 0.850000
365 386 129 0.850000
366 389 147 0.850000
367 394 160 0.850000
368 395 176 0.850000
369 394 191 0.850000
370 384 194 0.773304
371 364 196 0.850000
372 341 194 0.747487
373 316 204 0.685500
374 311 219 0.850000
375 306 226 0.850000
376 304 219 0.850000
377 306 208 0.850000
378 311 190 0.850000
379 316 173 0.850000
380 320 160 0.850000
381 324 170 0.850000
382 322 188 0.850000
383 322 202 0.850000
384 315 221 0.850000
385 309 237 0.850000
386 295 240 0.850000
387 300 227 0.850000
388 311 215 0.850000
389 323 202 0.850000
390 340 201 0.514743
391 357 206 0.850000
392 367 209 0.700000
393 389 303 0.174132
394 379 236 0.700000
395 369 247 0.850000
396 359 251 0.700000
397 389 303 0.174132
398 346 278 0.700000
399 355 275 0.700000
400 389 378 0.700000
401 384 362 0.700000
402 357 339 0.229293
403 349 338 0.850000
404 348 321 0.850000
405 363 308 0.700000
406 371 277 0.700000
407 388 271 0.850000
408 395 257 0.850000
409 401 242 0.850000
410 393 228 0.850000
411 387 207 0.850000
412 384 192 0.850000
413 374 175 0.850000
414 365 158 0.850000
415 368 133 0.850000
416 366 131 0.850000
417 383 137 0.850000
418 392 154 0.850000
419 393 171 0.850000
420 394 190 0.850000
421 391 209 0.850000
422 392 217 0.850000
423 397 243 0.850000
424 408 260 0.850000
425 411 273 0.850000
426 414 290 0.850000
427 418 308 0.850000
428 420 326 0.850000
429 421 345 0.850000
430 412 361 0.850000
431 406 376 0.850000
432 411 391 0.700000
433 434 372 0.205527
434 430 369 0.850000
435 430 348 0.850000
436 430 327 0.850000
437 426 306 0.850000
438 421 287 0.850000
439 418 268 0.850000
440 411 249 0.850000
441 406 234 0.850000
442 398 218 0.850000
443 383 204 0.773304
444 373 214 0.850000
445 363 218 0.850000
446 366 244 0.850000
447 371 263 0.850000
448 379 283 0.850000
449 388 304 0.850000
450 381 323 0.850000
451 366 329 0.850000
452 345 342 0.850000
453 321 344 0.850000
454 311 332 0.850000
455 313 306 0.685500
456 329 300 0.809359
457 317 285 0.850000
458 303 276 0.850000
459 297 262 0.850000
460 301 247 0.850000
461 315 227 0.850000
462 336 217 0.850000
463 349 235 0.850000
464 364 247 0.850000
465 384 255 0.850000
466 390 266 0.850000
467 379 284 0.850000
468 358 296 0.850000
469 337 299 0.843203
470 314 305 0.689814
471 320 331 0.717061
472 317 356 0.850000
473 305 368 0.850000
474 312 348 0.700000
475 294 321 0.251936
476 305 326 0.689814
477 301 346 0.850000
478 299 347 0.850000
479 306 335 0.850000
480 308 333 0.850000
481 308 334 0.036528
482 389 303 0.174132
483 303 350 0.032879
484 298 343 0.850000
485 294 328 0.850000
486 292 311 0.689814
487 292 292 0.850000
488 293 277 0.850000
489 295 261 0.850000
490 295 246 0.850000
491 300 231 0.850000
492 312 220 0.850000
493 318 210 0.514103
494 336 200 0.850000
495 335 180 0.850000
496 324 191 0.850000
497 318 210 0.514103
498 320 222 0.850000
499 302 244 0.515343
500 319 253 0.700000
501 389 303 0.020443
502 311 270 0.700000
503 311 265 0.850000
504 308 257 0.850000
505 309 244 0.850000
506 315 226 0.850000
507 326 207 0.850000
508 340 208 0.850000
509 346 221 0.850000
510 347 241 0.850000
511 343 262 0.850000
512 332 273 0.850000
513 311 263 0.704822
514 294 272 0.850000
515 284 269 0.850000
516 283 274 0.850000
517 285 280 0.850000
518 291 293 0.850000
519 289 307 0.850000
520 300 317 0.850000
521 295 324 0.850000
522 285 329 0.850000
523 277 331 0.850000
524 286 326 0.850000
525 296 340 0.850000
526 300 348 0.850000
527 303 353 0.850000
528 306 355 0.850000
529 316 358 0.850000
530 317 359 0.850000
531 331 351 0.850000
532 346 356 0.843203
533 345 374 0.712219
534 326 354 0.611803
535 317 355 0.747487
536 315 332 0.850000
537 312 303 0.742681
538 319 291 0.850000
539 326 269 0.824967
540 326 242 0.677686
541 324 233 0.850000
542 328 208 0.800123
543 323 199 0.850000
544 327 175 0.712219
545 325 166 0.850000
546 324 147 0.850000
547 332 133 0.850000
548 345 119 0.850000
549 352 103 0.850000
550 361 96 0.850000
551 361 86 0.850000
552 349 87 0.700000
553 389 303 0.174132
554 356 121 0.350000
555 389 303 0.174132
556 377 144 0.700000
557 385 159 0.850000
558 374 164 0.843203
559 360 176 0.850000
560 340 185 0.513175
561 329 181 0.850000
562 329 167 0.850000
563 327 150 0.850000
564 329 132 0.850000
565 331 114 0.850000
566 337 98 0.850000
567 348 93 0.677686
568 345 117 0.850000
569 350 130 0.850000
570 358 138 0.800123
571 372 151 0.850000
572 390 163 0.850000
573 396 170 0.742681
574 371 177 0.850000
575 357 161 0.630437
576 331 159 0.615643
577 313 172 0.776699
578 315 175 0.850000
579 323 178 0.850000
580 327 178 0.850000
581 338 183 0.850000
582 348 195 0.850000
583 362 205 0.700000
584 389 303 0.046077
585 389 303 0.046424
586 326 210 0.029408
587 317 198 0.850000
588 314 182 0.850000
589 316 164 0.850000
590 321 146 0.729786
591 329 130 0.850000
592 332 114 0.850000
593 340 97 0.850000
594 348 79 0.850000
595 355 80 0.850000
596 361 85 0.729786
597 342 97 0.850000
598 340 115 0.850000
599 347 131 0.700000
600 386 396 0.700000
601 400 381 0.850000
602 416 368 0.850000
603 419 354 0.800123
604 412 337 0.850000
605 404 319 0.850000
606 398 296 0.850000
607 394 275 0.850000
608 385 256 0.850000
609 376 235 0.850000
610 361 211 0.742681
611 359 203 0.850000
612 355 190 0.850000
613 348 165 0.686406
614 327 187 0.700000
615 316 202 0.850000
616 314 218 0.850000
617 320 239 0.850000
618 311 256 0.850000
619 309 274 0.850000
620 306 295 0.850000
621 304 314 0.850000
622 312 334 0.850000
623 299 350 0.850000
624 285 346 0.700000
625 264 324 0.339950
626 273 311 0.850000
627 279 293 0.850000
628 286 268 0.800123
629 282 254 0.850000
630 293 241 0.850000
631 295 224 0.850000
632 297 214 0.850000
633 295 219 0.513029
634 289 232 0.850000
635 286 249 0.850000
636 278 262 0.850000
637 275 279 0.850000
638 273 297 0.850000
639 273 313 0.850000
640 271 334 0.850000
641 265 351 0.850000
642 263 353 0.850000
643 266 335 0.638350
644 271 320 0.676777
645 278 302 0.850000
646 278 286 0.850000
647 279 265 0.850000
648 287 255 0.850000
649 301 260 0.850000
650 305 277 0.850000
651 300 293 0.850000
652 288 305 0.850000
653 283 312 0.515050
654 282 334 0.700000
655 389 303 0.174132
656 302 337 0.700000
657 300 348 0.516153
658 287 340 0.712219
659 279 327 0.514323
660 277 316 0.638350
661 282 300 0.850000
662 290 285 0.850000
663 290 266 0.850000
664 297 253 0.843203
665 303 240 0.515168
666 307 223 0.850000
667 313 208 0.513578
668 314 191 0.850000
669 316 174 0.850000
670 319 159 0.850000
671 313 163 0.850000
672 308 176 0.850000
673 304 194 0.850000
674 296 212 0.850000
675 292 221 0.850000
676 287 244 0.850000
677 281 260 0.850000
678 275 277 0.850000
679 268 285 0.850000
680 269 270 0.850000
681 274 273 0.850000
682 284 288 0.850000
683 295 303 0.850000
684 302 319 0.850000
685 312 335 0.850000
686 299 332 0.850000
687 297 318 0.850000
688 278 313 0.824967
689 261 322 0.850000
690 253 330 0.850000
691 263 334 0.850000
692 264 341 0.850000
693 271 345 0.614893
694 281 348 0.700000
695 399 304 0.350000
696 298 339 0.700000
697 286 352 0.850000
698 272 354 0.850000
699 265 354 0.850000
700 264 343 0.850000
701 265 327 0.850000
702 274 312 0.513971
703 284 299 0.850000
704 299 289 0.850000
705 313 279 0.850000
706 330 281 0.669975
707 336 253 0.850000
708 340 245 0.850000
709 340 229 0.850000
710 331 201 0.700000
711 389 303 0.174132
712 314 208 0.027296
713 308 201 0.850000
714 306 194 0.850000
715 312 179 0.850000
716 318 174 0.850000
717 341 166 0.850000
718 354 156 0.776699
719 374 158 0.850000
720 392 166 0.850000
721 398 185 0.850000
722 401 200 0.850000
723 408 223 0.850000
724 410 242 0.850000
725 418 259 0.850000
726 418 276 0.850000
727 418 296 0.850000
728 418 316 0.850000
729 420 335 0.850000
730 426 348 0.850000
731 433 371 0.850000
732 438 386 0.850000
733 426 404 0.850000
734 420 405 0.850000
735 414 391 0.700000
736 407 362 0.686406
737 392 351 0.850000
738 379 334 0.850000
739 363 319 0.850000
740 349 302 0.850000
741 337 285 0.850000
742 329 269 0.850000
743 318 253 0.850000
744 310 241 0.850000
745 304 227 0.850000
746 297 212 0.850000
747 305 200 0.850000
748 310 181 0.850000
749 316 165 0.850000
750 316 147 0.850000
751 332 136 0.850000
752 353 140 0.664626
753 348 165 0.850000
754 345 179 0.850000
755 341 194 0.850000
756 330 211 0.850000
757 311 225 0.625643
758 321 244 0.824967
759 308 266 0.850000
760 291 274 0.850000
761 290 270 0.850000
762 281 289 0.850000
763 274 306 0.850000
764 279 313 0.773304
765 263 320 0.625968
766 265 313 0.850000
767 274 309 0.773304
768 286 303 0.850000
769 298 303 0.850000
770 310 291 0.519487
771 323 283 0.850000
772 334 272 0.700000
773 389 303 0.174132
774 355 253 0.700000
775 356 258 0.527792
776 334 267 0.700000
777 389 303 0.174132
778 305 273 0.700000
779 295 277 0.850000
780 285 286 0.850000
781 277 289 0.850000
782 272 288 0.850000
783 269 281 0.850000
784 262 267 0.704822
785 281 267 0.850000
786 300 269 0.850000
787 314 274 0.850000
788 338 270 0.809359
789 350 257 0.638350
790 365 260 0.685500
791 388 252 0.850000
792 400 235 0.850000
793 413 234 0.850000
794 413 237 0.850000
795 418 242 0.850000
796 418 247 0.850000
797 410 261 0.850000
798 412 278 0.850000
799 411 274 0.700000
