135 0 35
98
0 298 387 0.500000
1 296 348 0.500000
2 275 343 0.500000
3 243 316 0.500000
4 276 303 0.500000
5 251 263 0.500000
6 252 267 0.500000
7 283 240 0.500000
8 228 257 0.500000
9 282 388 0.500000
10 318 269 0.500000
11 276 231 0.500000
12 320 234 0.500000
13 313 217 0.500000
14 346 205 0.500000
15 331 193 0.500000
16 341 143 0.500000
17 318 144 0.500000
18 331 100 0.500000
19 309 98 0.500000
20 322 53 0.500000
21 310 55 0.500000
22 295 10 0.500000
23 301 54 0.500000
24 278 61 0.500000
25 288 173 0.500000
26 285 124 0.500000
27 273 149 0.500000
28 285 168 0.500000
29 227 212 0.500000
30 238 201 0.500000
31 301 183 0.500000
32 234 193 0.500000
33 264 182 0.500000
34 266 231 0.500000
35 301 221 0.500000
36 314 250 0.500000
37 338 232 0.500000
38 320 192 0.500000
39 361 203 0.500000
40 335 180 0.500000
41 301 176 0.500000
42 298 184 0.500000
43 257 180 0.500000
44 277 157 0.500000
45 242 155 0.500000
46 272 154 0.500000
47 285 187 0.500000
48 235 220 0.500000
49 288 213 0.500000
