-63 -133 40
98
0 272 403 0.500000
1 302 397 0.500000
2 275 368 0.500000
3 299 344 0.500000
4 269 344 0.500000
5 301 295 0.500000
6 265 295 0.500000
7 249 248 0.500000
8 228 286 0.500000
9 244 305 0.500000
10 207 285 0.500000
11 242 255 0.500000
12 215 249 0.500000
13 257 246 0.500000
14 164 229 0.500000
15 290 234 0.500000
16 237 142 0.500000
17 288 189 0.500000
18 253 145 0.500000
19 271 143 0.500000
20 277 111 0.500000
21 260 95 0.500000
22 273 55 0.500000
23 265 93 0.500000
24 288 106 0.500000
25 263 131 0.500000
26 285 167 0.500000
27 263 172 0.500000
28 283 201 0.500000
29 264 215 0.500000
30 299 227 0.500000
31 293 221 0.500000
32 323 223 0.500000
33 334 231 0.500000
34 321 262 0.500000
35 330 261 0.500000
36 303 279 0.500000
37 319 268 0.500000
38 315 224 0.500000
39 280 241 0.500000
40 287 222 0.500000
41 317 225 0.500000
42 286 220 0.500000
43 307 216 0.500000
44 277 190 0.500000
45 291 183 0.500000
46 246 174 0.500000
47 244 213 0.500000
48 258 219 0.500000
49 232 230 0.500000
