95 -85 35
98
0 369 388 0.500000
1 379 353 0.500000
2 351 383 0.500000
3 324 319 0.500000
4 347 306 0.500000
5 338 263 0.500000
6 313 267 0.500000
7 336 238 0.500000
8 169 253 0.500000
9 341 279 0.500000
10 193 257 0.500000
11 328 224 0.500000
12 200 235 0.500000
13 376 225 0.500000
14 433 216 0.500000
15 408 193 0.500000
16 406 150 0.500000
17 397 149 0.500000
18 415 106 0.500000
19 184 171 0.500000
20 394 58 0.500000
21 182 143 0.500000
22 362 6 0.500000
23 362 54 0.500000
24 358 55 0.500000
25 342 98 0.500000
26 366 123 0.500000
27 331 143 0.500000
28 362 167 0.500000
29 161 217 0.500000
30 315 195 0.500000
31 392 194 0.500000
32 336 185 0.500000
33 390 186 0.500000
34 379 230 0.500000
35 427 228 0.500000
36 412 250 0.500000
37 454 235 0.500000
38 419 184 0.500000
39 444 208 0.500000
40 407 173 0.500000
41 414 181 0.500000
42 380 183 0.500000
43 348 174 0.500000
44 361 137 0.500000
45 316 145 0.500000
46 313 150 0.500000
47 327 213 0.500000
48 306 189 0.500000
49 326 212 0.500000
