0.0 0.0 14.0
5.8 -3.5 17.8
4.6 -2.8 27.9
6.0 -3.8 37.1
8.0 -2.9 47.6
9.4 3.0 58.1
7.1 2.7 68.5
2.3 -0.8 77.7
7.5 4.3 88.1
2.8 -1.6 97.3
3.0 3.4 107.8
2.1 3.4 117.4
7.3 7.0 125.5
6.5 3.9 137.2
6.0 -1.6 144.8
2.9 -2.2 151.9
0.7 -3.0 161.7
3.1 -2.7 173.0
1.2 -1.3 180.4
-1.1 -1.5 188.2
0.3 -0.1 197.7
0.0 0.0 204.0
0.3 -0.2 195.7
-1.1 0.9 186.7
-4.6 2.9 178.5
-6.4 4.0 169.2
-9.5 6.6 159.8
-13.4 7.6 151.5
-11.0 7.8 140.8
-10.0 6.3 132.3
-5.8 3.0 122.9
-6.7 4.5 113.6
-7.3 4.5 102.6
-13.8 0.9 94.9
-16.0 -0.0 85.9
-10.8 6.8 75.5
-13.3 7.8 64.4
-16.2 9.5 55.2
-19.1 0.7 45.0
-21.3 -1.4 37.4
-20.7 6.2 44.1
-19.1 9.3 52.4
-19.8 2.7 62.1
-20.4 1.6 72.4
-21.0 0.4 82.7
-7.5 7.4 90.3
0.2 12.1 98.5
7.9 16.8 106.6
6.2 17.9 115.3
4.7 19.4 124.6
1.3 17.0 132.6
-0.2 12.3 140.7
-7.4 5.6 149.7
-0.5 8.5 157.6
-6.6 4.7 167.6
-4.0 3.0 176.7
1.2 -0.3 178.3
4.9 3.9 168.1
6.1 5.6 160.1
7.3 7.3 152.0
8.1 10.4 142.9
7.4 8.5 132.6
6.3 6.4 123.6
8.0 8.1 115.8
4.9 6.1 104.8
7.2 8.1 94.5
5.7 9.3 85.0
3.4 9.8 75.6
4.1 9.6 65.2
-1.1 -0.7 55.0
-0.4 5.7 44.8
0.9 9.4 34.4
2.2 13.2 24.0
8.4 16.6 24.1
9.6 18.2 32.9
10.2 20.0 44.5
11.0 18.5 55.6
13.2 17.6 64.0
11.5 15.8 74.2
9.7 15.1 82.5
9.4 13.3 92.0
9.0 15.9 99.6
5.8 14.6 111.0
8.5 16.9 120.0
9.3 17.8 133.4
5.7 10.3 132.0
8.5 4.4 131.3
7.4 1.3 124.0
12.2 4.3 114.7
9.6 5.2 105.8
10.3 6.8 96.3
10.1 6.0 86.6
12.1 8.0 76.5
16.2 10.4 67.2
18.9 16.2 62.9
12.6 19.5 59.2
-2.0 15.6 60.0
-9.9 5.9 62.2
-17.9 -3.8 64.4
-22.3 3.4 65.2
-31.6 6.4 63.5
-39.3 7.2 59.4
-36.8 1.6 53.2
-22.5 13.5 51.6
-27.5 18.6 55.1
-17.1 22.6 52.9
-12.6 23.8 51.0
-8.2 25.0 49.1
2.2 25.3 54.4
1.4 24.9 67.2
4.9 25.0 76.6
4.6 21.5 85.1
6.6 18.0 93.2
10.8 15.5 100.2
14.1 13.4 107.3
17.6 10.8 114.3
13.7 -4.4 107.1
17.3 -0.8 97.4
18.6 -4.2 85.6
20.4 -5.5 78.6
21.9 -6.0 68.2
23.1 2.8 66.4
24.4 10.5 66.8
25.7 18.3 67.2
8.5 23.6 63.4
4.1 25.4 58.8
-0.3 27.2 54.2
5.1 24.0 48.8
10.6 20.8 43.5
0.7 7.3 38.9
-1.4 10.8 35.5
-4.7 0.9 32.8
-1.3 2.4 31.8
2.1 4.0 30.7
6.3 1.3 34.3
10.7 -6.2 36.9
18.9 0.9 44.4
19.2 5.0 49.0
19.6 9.2 53.6
17.5 13.0 46.7
21.6 18.7 42.3
24.4 24.7 43.2
29.8 30.6 38.4
23.1 30.7 31.1
12.3 18.4 37.4
6.0 16.8 44.7
-0.2 15.1 51.9
-9.4 1.9 56.7
-13.4 7.2 65.2
-8.6 11.0 73.6
-15.0 13.1 81.3
-21.4 15.1 89.0
-28.7 19.7 94.9
-13.3 17.9 97.8
-2.0 18.9 102.7
9.3 19.9 107.5
-3.1 15.5 112.2
-8.2 11.8 116.0
-13.4 8.2 119.8
-18.1 3.9 121.2
-19.7 -3.5 115.1
-20.6 -2.4 112.6
-21.2 -1.8 109.9
-21.6 -1.5 107.2
-22.0 -1.1 104.5
-21.2 5.7 98.6
-20.4 12.4 92.6
-22.5 12.4 89.9
-28.7 12.1 92.5
-31.9 -4.1 87.6
-28.6 3.6 85.9
-32.7 7.4 86.4
-36.9 11.2 86.9
-33.7 5.7 87.3
-32.9 3.7 78.8
-35.0 4.2 69.7
-31.9 21.4 69.8
-23.6 15.3 70.9
-19.1 13.5 76.1
-23.8 16.2 78.3
-26.5 17.4 70.4
-26.5 16.5 67.0
-35.5 9.5 59.5
-39.1 6.4 51.2
-42.7 3.3 42.9
-42.0 8.2 38.9
-41.6 13.7 35.7
-38.0 -3.1 38.7
-39.1 -15.4 40.6
-40.2 -27.7 42.6
-40.7 -24.8 43.2
-40.4 -21.7 44.2
-39.8 -19.6 46.3
-39.0 -18.0 49.0
-38.3 -16.3 51.7
-37.6 -6.8 48.6
-34.9 -5.4 44.0
-32.2 -4.0 39.5
-29.6 2.0 36.3
-26.9 8.0 33.1
9.9 3.8 27.5
18.5 -2.2 35.2
22.0 -6.7 43.8
27.6 -7.6 52.5
28.4 -10.5 62.6
26.9 -9.8 72.6
23.5 -0.8 80.7
24.5 7.1 81.5
25.5 15.0 82.4
23.8 19.8 84.4
18.1 21.9 90.3
17.8 22.7 97.4
22.2 21.3 104.3
25.7 16.4 104.5
22.9 14.0 109.5
10.8 8.3 116.8
10.9 7.3 120.8
11.1 6.2 124.9
11.7 -0.1 118.2
13.4 -8.5 110.9
15.7 -4.7 102.0
21.6 -9.6 96.2
28.0 -10.9 92.2
34.3 -12.3 88.3
30.3 -1.2 88.7
24.2 -15.3 96.8
19.1 -12.0 105.5
20.0 -12.4 113.8
19.0 -11.4 119.9
14.2 -8.5 128.9
16.1 -2.8 137.9
16.7 -5.2 146.9
14.3 5.2 155.3
11.1 7.7 161.4
4.6 6.8 166.5
-5.9 4.7 173.2
-1.2 0.1 182.8
5.1 -2.0 175.9
7.9 -3.8 173.6
-1.6 -0.0 174.9
-13.7 -5.2 175.3
-16.5 -9.0 168.5
-11.7 -10.2 162.5
-2.0 -4.4 158.0
8.5 -4.9 155.5
9.7 -5.9 147.7
-0.5 -9.9 145.3
-9.2 -11.2 144.7
-18.0 -12.4 144.1
-14.7 -6.1 145.8
-16.3 1.3 145.2
-18.9 -2.0 149.0
-12.4 8.1 156.5
-10.1 5.9 158.2
-7.7 3.8 159.9
-10.7 -9.3 157.5
-16.5 -10.6 150.3
-20.2 -1.1 144.0
-20.5 2.5 138.0
-20.8 6.1 132.0
-21.9 -9.2 129.0
-11.5 -5.0 129.5
-8.2 -8.1 130.0
0.1 0.5 129.0
5.9 -3.6 123.8
11.7 -7.6 118.7
2.3 -11.8 111.4
-6.1 -11.9 106.3
-14.6 -12.1 101.3
-12.0 -9.5 109.8
-9.4 -6.9 118.2
-13.8 4.3 122.5
-25.5 5.8 119.0
-25.0 15.1 116.7
-35.5 9.4 111.8
-40.9 6.4 106.3
-46.4 3.4 100.8
-52.8 10.8 99.6
-44.3 9.0 98.4
-35.0 -1.9 99.0
-26.1 -8.1 99.7
-17.2 -14.2 100.5
-10.5 -15.5 97.9
-3.4 -12.3 88.6
10.3 -6.6 83.7
4.1 -2.9 79.6
-10.2 -6.0 82.1
-12.8 6.2 85.8
-26.1 9.9 90.8
-35.4 10.2 87.8
-36.9 -0.9 80.7
-35.0 -7.7 74.4
-35.0 6.5 70.7
-27.8 -6.2 69.6
-20.1 -12.8 72.1
-7.9 -8.1 78.5
0.2 -6.8 82.3
8.3 -5.5 86.1
6.1 -4.0 79.9
-6.0 -9.8 77.2
-18.0 -15.7 74.5
-26.6 -6.5 69.8
-35.0 1.2 66.1
-43.3 8.8 62.3
-40.3 0.5 54.1
-40.7 -8.6 48.2
-41.0 -17.7 42.3
-37.7 -21.3 48.5
-40.3 -27.2 56.2
-30.0 -24.7 64.7
-22.5 -25.7 63.7
-13.8 -22.1 66.0
-4.0 -5.8 67.6
2.5 -1.1 67.3
9.0 3.5 66.9
17.2 -10.6 63.0
28.3 -6.4 62.5
36.9 -12.0 55.3
41.9 -10.8 46.8
36.6 -4.3 53.4
29.0 -8.7 60.8
25.1 -10.9 70.1
21.2 -13.2 79.4
9.4 -15.0 79.7
4.1 -14.3 74.8
-1.3 -13.6 69.8
-6.6 -17.1 60.3
-10.8 -16.4 52.4
-7.9 -12.5 42.0
-3.2 -7.9 40.3
8.0 -4.8 37.7
10.9 -6.4 36.7
22.4 6.8 41.6
24.4 -3.7 41.5
18.1 -4.0 33.3
3.9 -7.1 32.0
-4.2 -6.3 32.4
-12.2 -5.4 32.8
-15.6 -0.7 35.1
-16.4 -11.7 41.3
-16.4 -11.3 48.9
-18.3 -3.1 57.7
-20.2 5.1 66.5
-15.7 4.7 75.0
-20.1 -4.4 83.6
-23.6 -7.5 92.5
-24.1 1.1 100.9
-24.6 4.2 109.6
-25.1 7.4 118.3
-28.9 7.6 124.5
-22.5 7.3 120.0
-16.2 7.0 115.6
-4.6 0.9 113.7
5.6 -4.5 115.4
15.8 -9.9 117.2
13.0 -8.4 126.0
11.4 -7.3 133.6
5.7 -7.8 142.1
-0.0 -8.3 150.7
1.5 -3.1 157.2
2.3 -1.6 169.3
-0.3 -4.9 176.4
6.7 -3.2 177.1
10.2 7.1 171.3
9.6 12.3 165.3
6.7 14.1 158.5
5.0 14.9 149.7
8.3 17.3 141.4
13.2 18.6 133.5
15.6 18.6 125.1
19.0 16.1 121.1
21.0 10.0 119.9
24.7 -7.5 120.4
22.1 -13.8 116.7
20.5 -12.6 111.3
7.5 -16.9 112.8
0.6 -18.6 117.3
-6.3 -20.3 121.8
-4.2 -17.4 130.6
-2.1 -14.7 139.2
-6.0 -14.5 147.3
-4.2 -7.5 140.8
-4.6 -3.4 133.8
-5.0 0.7 126.8
-1.9 -0.9 116.3
-11.6 -15.9 111.3
-17.5 -22.7 113.1
-10.2 -11.7 117.1
-17.5 -15.5 122.8
-20.6 -13.6 125.8
-23.8 -2.3 126.1
-27.8 2.3 125.7
-31.8 6.9 125.3
-28.8 1.3 118.6
-30.0 1.7 109.1
-33.5 5.9 102.7
-31.0 15.3 101.7
-29.5 14.1 94.1
-26.6 12.9 90.8
-23.8 11.8 87.5
28.7 19.9 33.7
32.4 4.2 38.8
36.0 -11.6 43.8
36.9 -7.5 50.5
35.2 -0.9 58.9
33.5 5.6 67.3
29.3 14.6 77.3
34.2 20.9 84.1
26.5 21.3 91.1
21.6 22.2 98.9
19.4 19.1 106.2
19.9 17.3 116.1
20.0 16.3 124.0
15.1 11.8 133.2
13.8 8.3 141.5
13.9 9.6 153.7
9.8 7.7 156.2
8.2 13.6 156.2
2.3 15.4 147.3
-3.0 14.7 139.6
-18.5 13.2 131.4
-17.2 12.2 121.2
-19.7 12.9 115.0
-22.7 15.3 102.2
-30.9 21.4 95.0
-29.9 20.9 87.3
-22.9 21.4 77.9
-19.3 22.1 68.3
-26.0 22.9 57.5
-18.7 21.7 48.2
-12.5 20.3 39.7
-6.3 18.9 31.2
0.6 21.3 25.3
4.1 25.5 31.3
15.1 30.5 37.7
14.7 30.4 48.1
12.4 30.1 57.8
11.3 28.7 68.8
11.5 27.0 78.2
11.9 26.1 87.4
12.3 23.7 96.8
9.3 21.5 105.8
11.8 19.3 112.3
17.3 15.4 116.8
24.6 13.8 111.6
25.8 10.7 109.9
25.9 11.8 97.8
28.5 14.2 87.7
30.8 17.3 78.2
33.6 20.7 68.1
35.2 10.2 60.9
37.8 2.2 55.7
40.3 -5.7 50.5
43.9 -11.2 47.1
43.8 -2.7 53.7
37.0 -4.3 63.1
30.1 -4.0 71.6
22.8 -14.1 78.1
23.3 -14.2 82.6
25.2 -15.2 89.9
25.6 -15.3 97.8
23.0 -14.0 106.7
24.9 -3.9 106.9
25.7 3.8 101.2
28.1 11.2 96.4
30.5 18.7 91.5
35.1 21.7 85.7
35.7 18.5 77.5
35.9 1.5 72.6
37.2 -2.1 68.2
38.4 -5.8 63.9
41.1 -0.9 52.0
37.9 -3.0 41.6
31.4 -3.4 44.2
25.0 -3.7 46.8
20.3 6.1 51.6
20.9 -3.5 49.6
11.6 -5.2 49.8
-2.9 -6.7 49.6
-17.5 -8.3 49.3
-24.9 0.2 47.4
-32.4 8.7 45.5
-26.4 1.7 45.9
-23.1 -0.2 48.2
-19.9 -2.2 50.5
-21.4 0.4 58.0
-21.1 -11.9 67.1
-20.8 -24.1 76.1
-21.8 -32.9 85.1
-17.0 -28.9 94.3
-17.1 -24.5 102.6
-17.2 -20.1 110.8
-22.9 -21.2 118.0
-28.6 -22.2 125.2
-25.8 -13.8 130.3
-22.0 -13.1 139.7
-18.6 -3.8 133.2
-24.5 -14.1 125.8
-23.0 -12.0 117.3
-25.4 -3.4 109.7
-19.4 -0.9 102.7
-13.5 1.6 95.7
-5.1 7.3 94.4
5.8 -1.5 93.7
13.5 -7.3 96.4
21.2 -13.0 99.0
22.2 -13.6 107.3
27.5 -1.6 113.1
31.1 -11.5 114.3
32.4 -1.9 107.9
34.7 -10.0 98.6
33.1 -8.6 90.6
31.5 -7.2 82.6
27.0 -17.3 85.8
25.4 -16.0 85.2
23.0 -14.3 84.3
20.3 -12.5 83.4
17.6 -10.7 82.4
17.6 5.6 74.7
20.3 -4.2 68.8
22.2 -9.3 63.5
22.2 -11.3 59.6
9.0 -16.1 58.2
-4.3 -20.9 56.8
-9.3 -24.5 53.1
-9.5 -14.8 48.1
3.8 -12.6 45.6
12.8 -12.9 44.1
18.1 -13.7 43.1
27.9 -6.9 41.3
30.1 -7.1 42.9
32.4 -7.4 44.6
24.4 -8.0 39.5
25.9 -9.2 33.4
35.2 -7.6 38.4
42.7 -10.3 45.6
46.8 -8.7 54.1
43.2 -6.2 66.1
38.3 -4.9 74.7
34.4 -4.5 84.5
32.8 -4.0 96.0
27.7 -5.1 105.1
26.5 -1.5 113.2
19.5 -11.6 121.2
15.1 -9.8 132.1
16.7 -9.7 138.8
18.5 -10.4 148.3
12.8 -7.3 156.3
10.4 -4.3 165.1
8.9 2.4 171.1
3.2 4.3 176.6
3.6 4.3 181.9
-0.3 5.0 171.4
-7.0 4.5 170.6
-13.7 4.0 169.8
-17.4 0.9 164.8
-10.8 6.7 156.9
-10.0 10.4 148.1
-18.2 10.5 146.8
-22.9 5.5 142.2
-18.2 8.5 140.7
-18.3 -3.4 143.9
-10.2 -1.9 149.2
-3.9 -2.0 155.9
2.4 -2.1 162.7
-4.9 -9.9 171.5
0.6 -5.8 177.9
6.4 -1.3 177.2
10.1 -3.2 164.9
13.4 -3.4 157.1
16.2 6.7 149.4
14.0 10.9 143.9
14.0 17.1 138.8
17.1 19.6 133.0
17.2 11.3 131.2
17.5 -7.1 134.6
16.6 -0.7 134.8
16.7 -10.5 135.8
3.0 -12.6 137.2
-8.0 -14.2 139.3
-10.9 -4.3 139.1
-16.5 -5.6 135.4
-22.4 0.6 131.3
-30.9 11.3 128.0
-31.0 7.1 126.4
-24.5 4.4 126.9
-18.1 1.7 127.5
-19.1 -10.8 133.6
-8.7 -6.7 140.1
-10.1 -11.8 148.5
-4.5 -6.9 155.8
-6.4 -9.0 164.4
-3.3 -4.8 172.1
-0.2 -0.7 179.9
-1.7 -2.0 187.9
1.6 1.6 185.7
7.8 5.5 180.3
9.2 -4.3 176.1
10.9 -1.5 168.1
4.4 -1.1 160.6
33.3 20.1 27.0
36.0 24.8 33.2
27.6 20.6 39.7
26.8 20.9 46.8
26.0 21.1 54.0
29.9 22.5 62.8
33.7 23.9 71.5
30.0 21.7 82.2
30.4 19.0 91.1
29.4 16.0 100.5
26.8 10.6 111.7
23.4 8.8 117.1
18.1 6.1 124.6
16.6 -4.7 132.8
17.6 -10.6 127.0
21.7 -13.5 118.2
23.1 -14.1 110.6
22.8 -14.2 100.1
26.2 -16.3 91.6
29.3 -18.4 82.4
30.7 -19.3 72.3
33.4 -21.0 63.2
31.0 -19.6 53.5
32.0 -9.5 53.0
33.0 -9.8 55.8
34.1 -10.0 58.6
32.6 -14.1 66.2
31.0 -18.2 73.9
28.4 -17.0 85.9
30.0 -17.8 93.5
24.0 -14.5 100.8
21.6 -13.1 109.8
16.7 -10.4 116.6
3.5 -19.9 112.9
-1.5 -24.6 106.1
9.6 -18.4 98.8
16.7 -16.2 90.0
23.8 -14.0 81.2
26.4 -15.3 72.6
29.4 -17.0 64.0
30.4 -17.4 53.4
20.5 -14.4 49.7
13.5 -1.4 51.5
6.1 -6.0 56.6
0.7 -13.9 63.7
-4.6 -21.7 70.7
-7.9 -32.6 79.7
-7.5 -32.0 90.6
-3.1 -17.4 92.5
-11.4 -21.6 88.9
-14.5 -24.2 82.5
-17.6 -26.8 76.0
-20.2 -14.2 67.0
-22.8 -1.6 58.0
-32.6 -7.6 53.8
-35.2 -15.3 50.5
-37.8 -23.0 47.3
-37.4 -15.1 49.3
-34.8 -7.7 53.0
-29.2 -12.6 58.5
-24.3 -18.3 65.4
-15.2 -16.7 73.6
-15.7 -20.5 82.1
-14.9 -15.5 91.0
-14.1 -10.5 99.9
-9.1 -5.5 107.9
-4.1 -0.6 115.8
-9.8 2.9 126.7
-0.3 -1.9 132.4
1.4 -2.7 140.9
-7.2 -15.6 148.3
-0.2 -15.3 143.9
17.5 -10.1 136.3
15.2 -9.4 127.0
17.4 -10.6 117.9
5.3 -19.8 109.4
11.5 -15.2 101.3
15.6 -13.6 92.5
19.8 -12.0 83.6
26.0 -14.9 79.2
31.2 -18.0 85.2
34.4 -20.0 84.5
34.3 -20.7 75.7
38.8 -9.3 67.8
43.2 -8.0 60.0
47.7 -6.6 52.2
40.5 -13.6 56.8
37.9 -17.2 59.6
35.2 -20.8 62.4
43.1 -24.8 59.1
28.9 -15.2 55.8
14.4 -8.5 53.0
-0.1 -3.2 50.4
-14.7 2.2 47.8
-23.8 -4.7 46.1
-32.9 -11.7 44.4
-36.4 -24.1 42.8
-28.6 -17.8 37.9
-23.4 -11.9 38.4
-18.3 -5.9 38.8
-16.7 -5.3 43.8
-15.1 -4.7 48.7
-15.2 -19.2 60.4
-16.6 -23.6 69.2
-9.0 -12.3 76.5
-14.5 -13.7 80.7
-12.0 -5.0 90.0
-20.0 -8.8 97.4
-22.8 -10.4 105.5
-25.6 -12.0 113.7
-29.8 1.4 120.7
-26.8 -1.1 124.0
-20.4 -6.4 125.9
-14.0 -11.6 127.8
2.1 -11.2 130.4
9.2 -10.9 131.9
16.4 -10.6 133.5
10.9 -5.8 139.6
13.2 4.5 141.4
14.9 11.8 141.2
12.8 17.5 137.7
13.1 19.6 128.4
12.4 20.4 121.1
11.2 22.6 110.1
8.7 22.8 101.1
7.6 25.4 92.6
2.7 24.6 84.3
2.7 24.6 74.0
0.2 24.3 63.5
3.6 25.5 54.0
8.7 29.4 48.3
11.3 31.0 36.2
17.5 33.3 28.4
21.9 30.2 20.9
30.9 29.8 21.9
36.6 28.7 28.9
36.7 26.7 40.3
32.4 21.6 46.7
33.4 10.4 54.2
33.9 1.7 61.7
34.3 -6.9 69.2
34.2 -12.9 76.7
32.8 -0.4 87.8
31.6 -0.9 93.9
24.3 -14.9 99.6
23.6 -14.2 107.6
23.4 -13.9 115.9
17.8 -10.7 123.2
15.2 -9.5 132.9
13.1 -8.3 140.9
15.6 -9.6 149.4
16.9 -1.7 153.6
14.2 4.4 149.3
12.4 1.8 138.9
19.9 -8.5 130.1
27.2 -8.6 122.5
28.8 -5.6 113.3
32.1 -4.3 104.9
31.5 -1.8 95.1
28.2 -17.5 86.7
31.6 -19.6 85.6
35.1 -21.6 84.4
38.5 -23.5 75.1
38.1 -22.7 67.0
31.8 -18.6 64.2
18.4 -13.5 64.2
4.0 -18.6 65.6
-1.2 -15.6 67.4
-6.4 -12.5 69.1
-19.5 -20.4 73.2
-17.4 -7.5 78.1
-19.8 1.0 84.0
-22.2 9.4 90.0
-29.5 0.5 95.2
-32.7 -3.8 97.1
-28.8 3.3 95.2
-34.5 -2.3 93.4
-28.1 -3.4 91.0
-25.0 -11.8 87.7
-21.8 -20.2 84.4
-16.8 -27.4 81.0
-5.6 -13.8 81.2
5.6 -0.2 81.4
15.6 -1.5 82.9
25.5 -2.8 84.3
27.8 -10.7 84.8
30.1 -18.6 85.2
35.5 -0.9 82.7
32.8 -10.6 82.3
30.6 0.9 85.2
30.8 10.5 89.2
31.0 20.1 93.1
30.0 23.5 100.8
24.6 26.5 102.3
14.4 24.8 102.8
7.4 25.4 101.1
-1.2 24.1 99.1
-7.2 20.3 93.7
-4.1 21.5 84.4
0.1 21.7 85.7
